--------------------
BDMEP - INMET
--------------------
Estação           : ARACAJU - SE (OMM: 83096)
Latitude  (graus) : -10.95
Longitude (graus) : -37.04
Altitude  (metros): 4.72
Estação Operante
Inicio de operação: 01/03/1910
Periodo solicitado dos dados: 01/01/2000 a 01/01/2016
Os dados listados abaixo são os que encontram-se digitados no BDMEP
Hora em UTC
--------------------
Obs.: Os dados aparecem separados por ; (ponto e vírgula) no formato txt.
      Para o formato planilha XLS, siga as instruções
--------------------
Estacao;Data;Hora;PrecipitacaoTotal;TempMaximaMedia;TempMinimaMedia;UmidadeRelativaMedia;
83096;31/01/2000;0000;64.2;29.690323;21.490323;79.104839;
83096;29/02/2000;0000;276.7;29.482759;21.489655;80.336207;
83096;31/03/2000;0000;75.7;30.125806;21.622581;77.927419;
83096;30/04/2000;0000;397.3;29.563333;21.123333;80.958333;
83096;31/05/2000;0000;84.6;29.1;20.235484;77.604839;
83096;30/06/2000;0000;210.7;27.98;19.79;79.158333;
83096;31/07/2000;0000;98.9;27.503226;22.370968;76.193548;
83096;31/08/2000;0000;98.2;27.393548;21.574194;79.048387;
83096;30/09/2000;0000;98.6;27.976667;22.266667;76.783333;
83096;31/10/2000;0000;5.6;28.745161;22.806452;75.129032;
83096;30/11/2000;0000;67.6;29.166667;22.55;79.5;
83096;31/12/2000;0000;83.8;29.13871;21.693548;81.080645;
83096;31/01/2001;0000;24.6;29.922581;21.710345;73.258065;
83096;28/02/2001;0000;71.2;30.317857;23.175;74.625;
83096;31/03/2001;0000;73.1;30.212903;22.435484;76.225806;
83096;30/04/2001;0000;170.3;29.96;22.76;73.183333;
83096;31/05/2001;0000;101.3;29.270968;21.670968;78.024194;
83096;30/06/2001;0000;325.1;28.016667;20.843333;78.283333;
83096;31/07/2001;0000;228.2;27.519355;20.822581;78.266129;
83096;31/08/2001;0000;163.3;27.358065;22.151613;76.564516;
83096;30/09/2001;0000;91.8;28.013333;22.61;77.172414;
83096;31/10/2001;0000;117.8;28.664516;22.829032;79.362903;
83096;30/11/2001;0000;56;29.27;23.256667;78.133333;
83096;31/12/2001;0000;56.1;29.63871;24.690323;78.693548;
83096;31/01/2002;0000;169.2;29.570968;23.025806;82.16129;
83096;28/02/2002;0000;52;30.257143;23.392857;76.535714;
83096;31/03/2002;0000;57.3;30.912903;23.96129;74.887097;
83096;30/04/2002;0000;44.9;30.386667;23.5;73.583333;
83096;31/05/2002;0000;279.1;28.929032;23.193548;80.919355;
83096;30/06/2002;0000;201.8;28.066667;22.846667;76.983333;
83096;31/07/2002;0000;95.6;27.712903;22.367742;77.666667;
83096;31/08/2002;0000;59.5;27.703226;22.135484;74.685484;
83096;30/09/2002;0000;34.6;28.333333;22.87;74.566667;
83096;31/10/2002;0000;12.5;29.225806;23.245161;72.693548;
83096;30/11/2002;0000;22.8;29.68;23.516667;75.233333;
83096;31/12/2002;0000;4.2;30.36129;23.458065;77.709677;
83096;31/01/2003;0000;10.7;30.758065;24.064516;77.129032;
83096;28/02/2003;0000;78.1;31.117857;24.635714;73.9375;
83096;31/03/2003;0000;49.5;30.835484;24.848387;74.370968;
83096;30/04/2003;0000;46.8;31.03;24.26;71.35;
83096;31/05/2003;0000;241.5;29.732258;23.587097;78.241935;
83096;30/06/2003;0000;169.5;28.77;23.11;75.875;
83096;31/07/2003;0000;171.3;28.048387;22.296774;73.975806;
83096;31/08/2003;0000;90.1;27.783871;22.448387;77.620968;
83096;30/09/2003;0000;57.4;28.413333;22.976667;75.833333;
83096;31/10/2003;0000;149.4;28.929032;23.274194;76.33871;
83096;30/11/2003;0000;130;29.1;23.723333;79.85;
83096;31/12/2003;0000;39.2;30.025806;24.241935;75.306452;
83096;31/01/2004;0000;238.5;30.170968;23.109677;81.08871;
83096;29/02/2004;0000;42.7;30.313793;23.796552;76.603448;
83096;31/03/2004;0000;48.3;30.793548;23.887097;74.814516;
83096;30/04/2004;0000;70.8;30.566667;23.81;75.775;
83096;31/05/2004;0000;202.3;29.558065;23.012903;77.169355;
83096;30/06/2004;0000;113.6;28.793333;23.233333;75.258333;
83096;31/07/2004;0000;174.8;27.690323;22.122581;79.58871;
83096;31/08/2004;0000;173.4;27.406452;22.290323;80.274194;
83096;30/09/2004;0000;58;28.206667;22.82;74.608333;
83096;31/10/2004;0000;5.7;29.577419;23.032258;75.887097;
83096;30/11/2004;0000;14.4;30.046667;23.63;77.458333;
83096;31/12/2004;0000;0;30.63871;23.767742;76.008065;
83096;31/01/2005;0000;52.6;31;24.16129;77.185484;
83096;28/02/2005;0000;46.8;31.192857;24.096429;78.366071;
83096;31/03/2005;0000;57.6;31.503226;24.129032;76.774194;
83096;30/04/2005;0000;172.1;30.34;23.466667;78.433333;
83096;31/05/2005;0000;182.3;29.664516;23.329032;80.798387;
83096;30/06/2005;0000;101.3;28.8;22.87;79.283333;
83096;31/07/2005;0000;211;27.741935;21.648387;79.879032;
83096;31/08/2005;0000;143.8;27.774194;22.345161;78.185484;
83096;30/09/2005;0000;27.5;28.71;23.316667;76.425;
83096;31/10/2005;0000;24.1;29.780645;23.667742;75.491935;
83096;30/11/2005;0000;3.8;30.3;24.356667;75.716667;
83096;31/12/2005;0000;56;30.403226;24.335484;78.008065;
83096;31/01/2006;0000;26.2;30.254839;23.525806;73.5;
83096;28/02/2006;0000;29;30.703571;24.296429;77.535714;
83096;31/03/2006;0000;28.9;30.909677;24.493548;79.717742;
83096;30/04/2006;0000;174;30.356667;24.165517;80.108333;
83096;31/05/2006;0000;345.3;29.170968;23.293548;79.169355;
83096;30/06/2006;0000;218.6;27.843333;22.796667;81.425;
83096;31/07/2006;0000;194.3;27.003226;21.906452;83.258065;
83096;31/08/2006;0000;60;27.780645;22.067742;77.693548;
83096;30/09/2006;0000;111.8;28.1;22.89;80.866667;
83096;31/10/2006;0000;214.7;28.854839;23.8;80.733871;
83096;30/11/2006;0000;34.4;29.603448;23.95;81.15;
83096;31/12/2006;0000;6.3;30.370968;24.809677;77.919355;
83096;31/01/2007;0000;21.3;30.667742;24.896774;79.193548;
83096;28/02/2007;0000;142.5;30.807407;24.940741;78.696429;
83096;31/03/2007;0000;126.1;30.480645;23.96129;78.491935;
83096;30/04/2007;0000;149.5;30.273333;23.726667;79.491667;
83096;31/05/2007;0000;191;29.187097;23.183871;82.258065;
83096;30/06/2007;0000;156.3;28.68;23.006667;79.083333;
83096;31/07/2007;0000;184;27.9;21.87;81.056452;
83096;31/08/2007;0000;79.8;27.667742;22.316129;76.532258;
83096;30/09/2007;0000;63.3;27.943333;22.55;77.525;
83096;31/10/2007;0000;31.6;29.13871;23.241935;76.532258;
83096;30/11/2007;0000;13.2;29.97;24.19;79.283333;
83096;31/12/2007;0000;18.6;30.4;24.251613;78.225806;
83096;31/01/2008;0000;27.9;30.554839;24.754839;76.814516;
83096;29/02/2008;0000;133.2;31.546154;24.541379;75.818966;
83096;31/03/2008;0000;272.5;30.748387;24.158065;79.346774;
83096;30/04/2008;0000;131.5;30.326667;24.08;80.258333;
83096;31/05/2008;0000;366;29.4;23.651613;80.274194;
83096;30/06/2008;0000;113.4;28.63;22.356667;77.991667;
83096;31/07/2008;0000;144.1;27.529032;21.648387;78.645161;
83096;31/08/2008;0000;83.8;27.993548;22.058065;79.201613;
83096;30/09/2008;0000;39.4;28.976667;23.193333;79.45;
83096;31/10/2008;0000;32.7;30.006452;23.767742;78.33871;
83096;30/11/2008;0000;4;31.27;23.646667;75.833333;
83096;31/12/2008;0000;15.6;30.26129;24.677419;75.975806;
83096;31/01/2009;0000;18.4;30.435484;24.525806;75.572581;
83096;28/02/2009;0000;44.2;30.535714;24.646429;75.357143;
83096;31/03/2009;0000;41.3;30.829032;24.787097;75.217742;
83096;30/04/2009;0000;156.1;30.866667;24.76;76.066667;
83096;31/05/2009;0000;515.8;29;23.680645;83.451613;
83096;30/06/2009;0000;103.4;29.116667;23.226667;77.166667;
83096;31/07/2009;0000;121.8;28.564516;22.703226;78.741935;
83096;31/08/2009;0000;169.4;28.306452;22.477419;78.951613;
83096;30/09/2009;0000;78.8;29.07;23.053333;76.925;
83096;31/10/2009;0000;28.5;29.977419;23.977419;75.725806;
83096;30/11/2009;0000;13.8;31.36;24.566667;73.575;
83096;31/12/2009;0000;17.2;32.325806;25.112903;72.298387;
83096;31/01/2010;0000;26.9;32.087097;25.145161;71.008065;
83096;28/02/2010;0000;76.7;31.075;24.896429;74.928571;
83096;31/03/2010;0000;31.9;31.535484;24.86129;74.596774;
83096;30/04/2010;0000;359;30.523333;24.31;78.775;
83096;31/05/2010;0000;125.8;30.348387;23.887097;78.516129;
83096;30/06/2010;0000;265.1;29.04;23.086667;81.058333;
83096;31/07/2010;0000;135.5;28.387097;22.809677;81.056452;
83096;31/08/2010;0000;92.5;28.093548;22.319355;75.564516;
83096;30/09/2010;0000;76.6;28.49;22.63;75.175;
83096;31/10/2010;0000;20.7;30.632258;23.964516;74.620968;
83096;30/11/2010;0000;14;31.37;24.383333;74.491667;
83096;31/12/2010;0000;8.7;32.090323;24.716129;71.532258;
83096;31/01/2011;0000;100.5;31.829032;24.264516;71.629032;
83096;28/02/2011;0000;89.9;31.617857;24.371429;73.330357;
83096;31/03/2011;0000;52.3;32.648387;24.812903;72.717742;
83096;30/04/2011;0000;210.6;31.08;24.44;76.075;
83096;31/05/2011;0000;333.3;29.577419;23.635484;78.120968;
83096;30/06/2011;0000;97.3;29.083333;22.55;77.975;
83096;31/07/2011;0000;130.4;28.225806;22.022581;77.935484;
83096;31/08/2011;0000;82.7;28.35;21.39;75.806452;
83096;30/09/2011;0000;55.4;28.37;22.716667;72.891667;
83096;31/10/2011;0000;104.8;28.874194;23.903226;76.991935;
83096;30/11/2011;0000;43.1;29.12;23.763333;77.775;
83096;31/12/2011;0000;4.4;30.167742;24.090323;73.766129;
83096;31/01/2012;0000;35.9;30.36129;24.580645;72.540323;
83096;29/02/2012;0000;85.2;30.410345;24.624138;72.948276;
83096;31/03/2012;0000;17.8;30.645161;24.429032;71.653226;
83096;30/04/2012;0000;24.5;30.59;24.453333;72.2;
83096;31/05/2012;0000;144.6;29.932258;23.419355;75.943548;
83096;30/06/2012;0000;118;28.986667;22.776667;77.766667;
83096;31/07/2012;0000;100.6;28.3;22.335484;78.274194;
83096;31/08/2012;0000;77.1;28.058065;22.187097;78.548387;
83096;30/09/2012;0000;60.8;28.776667;22.423333;75.566667;
83096;31/10/2012;0000;69.5;28.732258;22.687097;77.282258;
83096;30/11/2012;0000;5.6;29.973333;24.16;73.1;
83096;31/12/2012;0000;2;30.667742;24.545161;70.708333;
83096;31/01/2013;0000;6;30.923333;24.625806;70.596774;
83096;28/02/2013;0000;7.8;31.264286;24.718519;69.3125;
83096;31/03/2013;0000;10.8;31.329032;24.883871;70.233871;
83096;30/04/2013;0000;195.8;30.98;24.224138;73.766667;
83096;31/05/2013;0000;115.4;29.935484;22.851613;80.032258;
83096;30/06/2013;0000;146.9;29.596667;22.72069;80.341667;
83096;31/07/2013;0000;120.3;28.65;22.154839;79.387097;
83096;31/08/2013;0000;117.6;28.54;21.590323;78.653226;
83096;30/09/2013;0000;24.8;29.43;22.643333;73.9;
83096;31/10/2013;0000;45.9;29.667742;23.222581;79.508065;
83096;30/11/2013;0000;24.2;29.8;23.324138;77.416667;
83096;31/12/2013;0000;65.2;30.425806;23.787097;76.475806;
83096;31/01/2014;0000;15.8;31.26129;24.351613;74.427419;
83096;28/02/2014;0000;59.6;30.746429;23.964286;74.758929;
83096;31/03/2014;0000;78.4;30.396774;23.63871;73.717742;
83096;30/04/2014;0000;153;30.403333;23.783333;72.925;
83096;31/05/2014;0000;127;29.716129;23.506452;76.283333;
83096;30/06/2014;0000;89.7;28.99;22.79;79.025;
83096;31/07/2014;0000;156.3;28.87931;22.293548;78.701613;
83096;31/08/2014;0000;62.9;29.04;22.351613;78.306452;
83096;30/09/2014;0000;38.2;29.28;22.646667;78.908333;
83096;31/10/2014;0000;35.7;30.22;23.296774;76.959677;
83096;30/11/2014;0000;44.3;30.28;23.326667;74.116667;
83096;31/12/2014;0000;9;31.135484;23.906452;73.75;
83096;31/01/2015;0000;25.5;31.245161;24.493548;70.975806;
83096;28/02/2015;0000;38.4;31.225;24.4;71.785714;
83096;31/03/2015;0000;44.4;31.213333;24.045161;71.798387;
83096;30/04/2015;0000;91.6;31.476667;24.17;72.366667;
83096;31/05/2015;0000;282.1;30.277419;23.409677;76.475806;
83096;30/06/2015;0000;149.4;29.316667;22.773333;76.508333;
83096;31/07/2015;0000;171.1;28.351613;22.564516;75.645161;
83096;31/08/2015;0000;74.4;28.51;22.219355;75.129032;
83096;30/09/2015;0000;10.8;29.423333;23.06;74.108333;
83096;31/10/2015;0000;31.8;29.416129;23.429032;72.387097;
83096;30/11/2015;0000;6.8;29.873333;23.726667;70.658333;
83096;31/12/2015;0000;26;30;23.748387;70.653226;
