--------------------
BDMEP - INMET
--------------------
Estação           : ARAGARCAS - GO (OMM: 83368)
Latitude  (graus) : -15.9
Longitude (graus) : -52.23
Altitude  (metros): 345.00
Estação Operante
Inicio de operação: 19/07/1970
Periodo solicitado dos dados: 01/01/2000 a 01/01/2016
Os dados listados abaixo são os que encontram-se digitados no BDMEP
Hora em UTC
--------------------
Obs.: Os dados aparecem separados por ; (ponto e vírgula) no formato txt.
      Para o formato planilha XLS, siga as instruções
--------------------
Estacao;Data;Hora;PrecipitacaoTotal;TempMaximaMedia;TempMinimaMedia;UmidadeRelativaMedia;
83368;31/01/2000;0000;174;31.845161;22.5;78.322581;
83368;29/02/2000;0000;197.6;31.175862;22.231034;81.767241;
83368;31/03/2000;0000;274.8;31.474194;22.451613;80.620968;
83368;30/04/2000;0000;16.2;32.95;21.233333;71.233333;
83368;31/05/2000;0000;0;33.122581;18.512903;63.758065;
83368;30/06/2000;0000;0;33.18;15.776667;60.425;
83368;31/07/2000;0000;10.1;31.774194;16.141935;55.25;
83368;31/08/2000;0000;22;36.941935;18.674194;48.790323;
83368;30/09/2000;0000;61.4;35.643333;20.313333;64.116667;
83368;31/10/2000;0000;73.3;38.5625;20.416129;62.419355;
83368;30/11/2000;0000;134.1;;20.47;77.233333;
83368;31/12/2000;0000;373.3;30.809677;22.670968;81.16129;
83368;31/01/2001;0000;138.7;32.103571;21.6;74.717742;
83368;28/02/2001;0000;151.3;32.075;21.928571;72.517857;
83368;31/03/2001;0000;159.6;32.148387;21.925806;75.306452;
83368;30/04/2001;0000;34.5;;20.33;68.341667;
83368;31/05/2001;0000;57.3;;18.945161;70.669355;
83368;30/06/2001;0000;0;30.6;15.933333;64.841667;
83368;31/07/2001;0000;;;15.290323;54.701613;
83368;31/08/2001;0000;4.1;34.345161;16.645161;43.58871;
83368;30/09/2001;0000;6.8;35.84;21.146667;48.841667;
83368;31/10/2001;0000;277;33.36129;21.33871;63.870968;
83368;30/11/2001;0000;196;31.533333;22.033333;78.383333;
83368;31/12/2001;0000;346.1;30.632258;21.529032;83.620968;
83368;31/01/2002;0000;335.8;31.564516;21.967742;79.33871;
83368;28/02/2002;0000;271.4;31.296429;21.9;82.133929;
83368;31/03/2002;0000;239.6;32.709677;21.206452;75.395161;
83368;30/04/2002;0000;96.3;33.21;20.696667;71.983333;
83368;31/05/2002;0000;0;32.967742;19.096774;67.927419;
83368;30/06/2002;0000;0;32.816667;15.56;61.525;
83368;31/07/2002;0000;26;33.535484;16.993548;61.556452;
83368;31/08/2002;0000;0.6;34.974194;18;57.685484;
83368;30/09/2002;0000;2.8;35.336667;20.606667;53.925;
83368;31/10/2002;0000;116.8;36.477419;23.116129;63.83871;
83368;30/11/2002;0000;203.1;33.506667;22.413333;81.1;
83368;31/12/2002;0000;191;32.493548;22.625806;75.903226;
83368;31/01/2003;0000;450.4;31.132258;22.558065;85.693548;
83368;28/02/2003;0000;159.1;32.189286;21.917857;77.267857;
83368;31/03/2003;0000;158;31.745161;22.067742;79.887097;
83368;30/04/2003;0000;135.2;32.476667;21.226667;77.216667;
83368;31/05/2003;0000;28.8;31.248387;17.719355;70.032258;
83368;30/06/2003;0000;0;32.216667;15.66;66.321429;
83368;31/07/2003;0000;0;32.706452;14.306452;58.25;
83368;31/08/2003;0000;10.8;34.283871;16.509677;54.33871;
83368;30/09/2003;0000;35.1;35.716667;20.933333;;
83368;31/10/2003;0000;87.2;35.166667;21.547619;;
83368;30/11/2003;0000;151.1;33.710345;22.103333;;
83368;31/12/2003;0000;142.6;32.745161;22.616129;75.072581;
83368;31/01/2004;0000;483.7;30.045161;22.254839;85.733871;
83368;29/02/2004;0000;405.3;30.634483;22.013793;82.12069;
83368;31/03/2004;0000;99.5;32.690323;22.058065;75.830645;
83368;30/04/2004;0000;107.2;32.476667;21.937931;76.568966;
83368;31/05/2004;0000;40.4;31.287097;19.380645;73.024194;
83368;30/06/2004;0000;0;31.563333;15.563333;65.016667;
83368;31/07/2004;0000;11.8;31.777419;15.835484;63.419355;
83368;31/08/2004;0000;0;35.074194;15.93871;54.854839;
83368;30/09/2004;0000;4.6;37.213333;19.763333;49.283333;
83368;31/10/2004;0000;68.9;34.687097;22.351613;63.967742;
83368;30/11/2004;0000;162.9;33.316667;22.555172;69.608333;
83368;31/12/2004;0000;201.7;32.396774;22.48;74.612903;
83368;31/01/2005;0000;390.1;30.896774;22.5;82.774194;
83368;28/02/2005;0000;92.9;33.342857;22.475;72.089286;
83368;31/03/2005;0000;243;31.383871;22.619355;82.282258;
83368;30/04/2005;0000;25.3;33.463333;21.243333;73.45;
83368;31/05/2005;0000;7.8;32.625806;18.858065;69.685484;
83368;30/06/2005;0000;10.6;32.28;17.586667;65.691667;
83368;31/07/2005;0000;0;32.548276;16.225806;58.483871;
83368;31/08/2005;0000;0;35.312903;17.735484;44.548387;
83368;30/09/2005;0000;17.9;36.373333;21.66;60.466667;
83368;31/10/2005;0000;110.9;36.174194;23.287097;62.16129;
83368;30/11/2005;0000;217.7;32.193333;22.766667;77.191667;
83368;31/12/2005;0000;274.4;30.348387;21.812903;82.185484;
83368;31/01/2006;0000;136.5;32.419355;22.2;73.266129;
83368;28/02/2006;0000;283;32.039286;22.775;81.964286;
83368;31/03/2006;0000;144.8;32.293548;22.680645;81.483871;
83368;30/04/2006;0000;133.8;31.846667;21.776667;79.133333;
83368;31/05/2006;0000;4.2;31.141935;16.693548;71.274194;
83368;30/06/2006;0000;0;32.183333;15.993333;64.108333;
83368;31/07/2006;0000;1.6;33.183871;15.635484;61.685484;
83368;31/08/2006;0000;0;35.929032;18.948387;47.967742;
83368;30/09/2006;0000;49.2;34.733333;20.71;66.016667;
83368;31/10/2006;0000;196;32.774194;22.429032;76.040323;
83368;30/11/2006;0000;305.1;33.276667;22.42;74.091667;
83368;31/12/2006;0000;194.6;31.76129;22.7;81.814516;
83368;31/01/2007;0000;392.3;31.66129;22.96129;83.822581;
83368;28/02/2007;0000;439.9;31.092857;22.467857;83.589286;
83368;31/03/2007;0000;65.8;33.196774;21.903226;73.137097;
83368;30/04/2007;0000;26.3;34.036667;21.64;72.325;
83368;31/05/2007;0000;1.8;32.5;17.667742;69.669355;
83368;30/06/2007;0000;0;33.513333;15.61;61.1;
83368;31/07/2007;0000;2.6;33.116129;16.109677;61.33871;
83368;31/08/2007;0000;0;35.148387;16.590323;44;
83368;30/09/2007;0000;0;37.703333;20.253333;43.708333;
83368;31/10/2007;0000;43.7;36.312903;23.054839;58.120968;
83368;30/11/2007;0000;145.9;34.003333;22.736667;71.408333;
83368;31/12/2007;0000;253.9;31.967742;22.125806;78.798387;
83368;31/01/2008;0000;392.8;31.045161;22.016129;82.983871;
83368;29/02/2008;0000;161.3;31.657143;22.175862;83.732759;
83368;31/03/2008;0000;310.7;31.703226;21.809677;83.620968;
83368;30/04/2008;0000;208.2;32.153333;21.833333;82.333333;
83368;31/05/2008;0000;3.8;31.767742;18.729032;77.145161;
83368;30/06/2008;0000;0;32.543333;16.836667;65.383333;
83368;31/07/2008;0000;0;32.572;14.6;52.032258;
83368;31/08/2008;0000;0;;17.129032;42.258065;
83368;30/09/2008;0000;21.4;36.993333;20.426667;52.133333;
83368;31/10/2008;0000;61.3;36.512903;22.764516;60.645161;
83368;30/11/2008;0000;113.3;33.83;22.933333;70.633333;
83368;31/12/2008;0000;355.6;31.770968;22.5;78.709677;
83368;31/01/2009;0000;302;33.438889;21.922581;77.443548;
83368;28/02/2009;0000;279.5;31.788235;22.282143;82.3125;
83368;31/03/2009;0000;169.1;33.070968;22.374194;80.782258;
83368;30/04/2009;0000;116;32.136667;21.133333;79.925;
83368;31/05/2009;0000;6.4;32.548387;19.387097;72.330645;
83368;30/06/2009;0000;9.9;31.651724;16.723333;68.075;
83368;31/07/2009;0000;0;33.73871;16.333333;63.008065;
83368;31/08/2009;0000;24.2;34.648387;18.519355;56.822581;
83368;30/09/2009;0000;24;36.283333;22.086207;59.216667;
83368;31/10/2009;0000;83.9;34.641935;22.487097;67.5;
83368;30/11/2009;0000;208.5;32.733333;22.696667;76.575;
83368;31/12/2009;0000;452.1;31.073333;22.26129;83.266129;
83368;31/01/2010;0000;265.4;31.980645;22.464516;80.056452;
83368;28/02/2010;0000;242.3;33.635714;22.435714;76.705357;
83368;31/03/2010;0000;302.4;33.235484;22.977419;76.782258;
83368;30/04/2010;0000;26.7;33.78;20.743333;68.95;
83368;31/05/2010;0000;0;33.551613;17.919355;64.290323;
83368;30/06/2010;0000;6.8;33.56;16.373333;59.291667;
83368;31/07/2010;0000;0;34.074194;16.13871;52.532258;
83368;31/08/2010;0000;0;35.848387;15.041935;45.774194;
83368;30/09/2010;0000;14.4;38.413333;20.23;39.358333;
83368;31/10/2010;0000;46.5;36.996774;23.425806;56.846774;
83368;30/11/2010;0000;168.3;33.07;22.396667;73.008333;
83368;31/12/2010;0000;182;32.267742;22.358065;79.540323;
83368;31/01/2011;0000;368.7;32.119355;21.703226;78.774194;
83368;28/02/2011;0000;199.4;32.585714;22.125;76.883929;
83368;31/03/2011;0000;531.3;31.006452;22.112903;84.701613;
83368;30/04/2011;0000;53.4;32.87;21.35;74.641667;
83368;31/05/2011;0000;4.4;32.970968;18.429032;66.282258;
83368;30/06/2011;0000;28.6;32.343333;16.166667;65.625;
83368;31/07/2011;0000;3.6;33.290323;15.680645;57.185484;
83368;31/08/2011;0000;0;36.429032;17.906667;43.774194;
83368;30/09/2011;0000;4.2;37.696667;21.203333;38.416667;
83368;31/10/2011;0000;139.6;33.970968;22.170968;66.548387;
83368;30/11/2011;0000;120.2;31.906667;22.127586;71.216667;
83368;31/12/2011;0000;292.8;31.754839;22.293548;79.354839;
83368;31/01/2012;0000;341.9;30.525806;21.341935;81.032258;
83368;29/02/2012;0000;67.4;32.431034;21.406897;72.068966;
83368;31/03/2012;0000;130.2;33.616129;21.535484;72.524194;
83368;30/04/2012;0000;180.6;33.49;21.91;73.3;
83368;31/05/2012;0000;11;31.732258;19.132258;69.806452;
83368;30/06/2012;0000;11.2;33.51;17.99;64.683333;
83368;31/07/2012;0000;0;33.741935;15.464516;52.427419;
83368;31/08/2012;0000;0;34.929032;17.725806;41.798387;
83368;30/09/2012;0000;34.8;37.36;20.693333;43.025;
83368;31/10/2012;0000;88.8;36.867742;23.290323;54.322581;
83368;30/11/2012;0000;258.8;31.626667;22.766667;79.308333;
83368;31/12/2012;0000;207.6;34.103226;22.083871;70.669355;
83368;31/01/2013;0000;511.2;30.945161;22.412903;81.524194;
83368;28/02/2013;0000;128.2;32.432143;21.885714;74.392857;
83368;31/03/2013;0000;205.3;32.716667;22.529032;77.024194;
83368;30/04/2013;0000;82.4;32.013333;21.336667;72.725;
83368;31/05/2013;0000;17.8;33.267742;18.316129;66.66129;
83368;30/06/2013;0000;37.3;32.57;19.3;68.6;
83368;31/07/2013;0000;0;33.222581;16.035484;55.330645;
83368;31/08/2013;0000;0;35.003226;16.225806;42.887097;
83368;30/09/2013;0000;20.5;36.463333;20.883333;46.091667;
83368;31/10/2013;0000;148.8;35.26129;22.493548;62.41129;
83368;30/11/2013;0000;160.8;33.076667;22.093333;72.966667;
83368;31/12/2013;0000;300.6;33.009677;21.922581;78.491935;
83368;31/01/2014;0000;304.4;32.825806;21.122581;73.451613;
83368;28/02/2014;0000;247.8;31.928571;21.103571;77.214286;
83368;31/03/2014;0000;144.4;32.309677;21.758065;78.879032;
83368;30/04/2014;0000;92.4;33.406667;21.59;75.425;
83368;31/05/2014;0000;0;33.519355;19.86129;64.475806;
83368;30/06/2014;0000;7.6;33.15;15.146667;62.941667;
83368;31/07/2014;0000;27.2;32.777419;13.990323;56.846774;
83368;31/08/2014;0000;0;36.019355;14.429032;45.290323;
83368;30/09/2014;0000;30.4;36.79;19.12;51.7;
83368;31/10/2014;0000;124;36.806452;22.432258;53.467742;
83368;30/11/2014;0000;70.5;33.516667;22.64;72.666667;
83368;31/12/2014;0000;246.9;31.209677;22.26129;80.435484;
83368;31/01/2015;0000;144.2;34.367742;22.03871;71.120968;
83368;28/02/2015;0000;344.3;32.453571;21.825;76.75;
83368;31/03/2015;0000;282.2;31.487097;21.096774;81.403226;
83368;30/04/2015;0000;94.6;33.553333;22.403333;75.658333;
83368;31/05/2015;0000;56.2;31.316129;20.151613;74.967742;
83368;30/06/2015;0000;0;32.09;18.486667;66.766667;
83368;31/07/2015;0000;19.8;33.341935;16.716129;61.645161;
83368;31/08/2015;0000;0.8;35.919355;16.912903;48.387097;
83368;30/09/2015;0000;36.6;37.726667;20.9;51.475;
83368;31/10/2015;0000;133.5;37.877419;23.229032;58.435484;
83368;30/11/2015;0000;172.1;35.646667;23.043333;65.783333;
83368;31/12/2015;0000;132.8;34.822581;23.28;68.209677;
