--------------------
BDMEP - INMET
--------------------
Estação           : AREIA - PB (OMM: 82696)
Latitude  (graus) : -6.97
Longitude (graus) : -35.68
Altitude  (metros): 574.62
Estação Operante
Inicio de operação: 01/01/1929
Periodo solicitado dos dados: 01/01/2000 a 01/01/2016
Os dados listados abaixo são os que encontram-se digitados no BDMEP
Hora em UTC
--------------------
Obs.: Os dados aparecem separados por ; (ponto e vírgula) no formato txt.
      Para o formato planilha XLS, siga as instruções
--------------------
Estacao;Data;Hora;PrecipitacaoTotal;TempMaximaMedia;TempMinimaMedia;UmidadeRelativaMedia;
82696;31/01/2000;0000;110;28.187097;20.43871;81.685484;
82696;29/02/2000;0000;155.3;28.793103;20.724138;82.025862;
82696;31/03/2000;0000;119.8;28.103226;20.987097;84.758065;
82696;30/04/2000;0000;270.1;26.956667;20.666667;88.608333;
82696;31/05/2000;0000;120.2;25.76129;20.019355;88.217742;
82696;30/06/2000;0000;323.5;24.533333;19.166667;;
82696;31/07/2000;0000;349.7;23.490323;18.664516;;
82696;31/08/2000;0000;308.1;24.574194;18.43871;;
82696;30/09/2000;0000;222.2;25.046667;18.97;;
82696;31/03/2001;0000;177.1;28.774194;20.6;;
82696;30/04/2001;0000;155.3;27.106667;20.153333;;
82696;30/09/2001;0000;9.3;;;;
82696;31/10/2001;0000;21.3;28.232258;19.787097;81.774194;
82696;30/11/2001;0000;0;29.32;20.256667;78.066667;
82696;31/12/2001;0000;57.9;28.572414;20.803571;84.537037;
82696;31/01/2002;0000;123.8;26.924138;20.753333;87.698276;
82696;28/02/2002;0000;113.8;28.82963;20.666667;83.865385;
82696;31/03/2002;0000;207.2;27.719355;20.427586;87.232759;
82696;30/04/2002;0000;64.2;28.017241;20.263333;86.12931;
82696;31/05/2002;0000;119.4;27.287097;20.312903;88.862903;
82696;30/06/2002;0000;298;24.846667;19.006667;91.191667;
82696;31/07/2002;0000;106.4;24.793548;18.632258;90.774194;
82696;31/08/2002;0000;115.8;24.78;18.17;86.125;
82696;30/09/2002;0000;5.5;26.616667;19.010345;81.308333;
82696;31/10/2002;0000;40.8;28.012903;19.354839;82.991935;
82696;30/11/2002;0000;58.9;28.493333;19.833333;81.041667;
82696;31/12/2002;0000;20.6;30.019355;20.470968;80.806452;
82696;31/01/2003;0000;51.6;30.412903;20.580645;79.459677;
82696;28/02/2003;0000;184.1;27.459259;20.377778;85.741071;
82696;31/03/2003;0000;158.7;26.941935;20.077419;87.790323;
82696;30/04/2003;0000;128.8;27.3;19.52;87.558333;
82696;31/05/2003;0000;147.7;26.716129;19.225806;88.975806;
82696;30/06/2003;0000;159.8;24.72;17.58;89.283333;
82696;31/07/2003;0000;197.4;24.213333;16.88;88.677419;
82696;31/08/2003;0000;116.2;25.486667;17.186207;86.16129;
82696;30/09/2003;0000;46.6;26.513333;18.56;83.075;
82696;31/10/2003;0000;46;28.064516;19.019355;81.895161;
82696;30/11/2003;0000;18.8;29.3;19.703333;78.641667;
82696;31/12/2003;0000;71.5;30.051613;20.351613;78.572581;
82696;31/01/2004;0000;471.5;28.196774;20.458065;87.903226;
82696;29/02/2004;0000;314.8;27.255172;20.413793;88.206897;
82696;31/03/2004;0000;136.6;27.696552;20.3;85.935484;
82696;30/04/2004;0000;204.8;27.158621;20.241379;88.933333;
82696;31/05/2004;0000;283.7;25.92;19.710345;90.41129;
82696;30/06/2004;0000;230.8;24.056667;18.93;92.5;
82696;31/07/2004;0000;259.6;23.851613;17.125806;90.887097;
82696;31/08/2004;0000;71.6;25.070968;18.821429;87.41129;
82696;30/09/2004;0000;51.7;26.693333;18.706667;84.741379;
82696;31/10/2004;0000;14.6;28.225806;19.506452;81.145161;
82696;30/11/2004;0000;13.5;29.24;19.773333;77.175;
82696;31/12/2004;0000;14.2;29.896552;20.144828;76.637097;
82696;31/01/2005;0000;15.5;30.535484;21.009677;76.048387;
82696;28/02/2005;0000;45.2;30;21.6;78.607143;
82696;31/03/2005;0000;25.7;31.08;21.673333;77.854839;
82696;30/04/2005;0000;57.1;28.841379;21.482759;82.275;
82696;31/05/2005;0000;246.5;26.42;20.41;88.080645;
82696;30/06/2005;0000;342;23.557143;19.555172;93.216667;
82696;31/07/2005;0000;90.7;24.116129;18.429032;86.620968;
82696;31/08/2005;0000;232.1;23.873333;18.206667;90.016129;
82696;30/09/2005;0000;35.7;25.886667;18.62;82.825;
82696;31/10/2005;0000;10.2;28.103226;19.177419;78.08871;
82696;30/11/2005;0000;6.5;29.366667;19.876667;76.7;
82696;31/12/2005;0000;53.7;29.045161;20.258065;77.637097;
82696;31/01/2006;0000;5.8;29.612903;20.203226;74.766129;
82696;28/02/2006;0000;36.8;30.089286;20.978571;76.580357;
82696;31/03/2006;0000;130.8;28.987097;21.422581;82.451613;
82696;30/04/2006;0000;165.5;27.653333;21.266667;86.808333;
82696;31/05/2006;0000;122.1;26.093333;20.316667;87.427419;
82696;30/06/2006;0000;178;24.6;19.24;87.225;
82696;31/07/2006;0000;117.2;24.258065;18.377419;86.846774;
82696;31/08/2006;0000;162.7;24.787097;18.277419;84.532258;
82696;30/09/2006;0000;53.8;26.786667;18.716667;80.908333;
82696;31/10/2006;0000;9.2;29.058065;18.816129;75.846774;
82696;30/11/2006;0000;56.2;29.093333;17.816667;77.166667;
82696;31/12/2006;0000;24.2;29.658065;18.325806;77.604839;
82696;31/01/2007;0000;49.4;29.587097;18.264516;78.959677;
82696;28/02/2007;0000;104.7;30.142857;18.667857;78.553571;
82696;31/03/2007;0000;105.3;27.445161;19.819355;84.080645;
82696;30/04/2007;0000;211.7;27.973333;21.17;83.75;
82696;31/05/2007;0000;151;25.96129;19.66129;87.967742;
82696;30/06/2007;0000;286.4;23.886667;18.663333;91.591667;
82696;31/07/2007;0000;158.5;24.103226;18.46129;90.41129;
82696;31/08/2007;0000;156.8;24.025806;18.129032;87.596774;
82696;30/09/2007;0000;159;25.1;17.731034;85.091667;
82696;31/10/2007;0000;20.7;27.341935;18.932258;81.693548;
82696;30/11/2007;0000;30.9;28.44;19.966667;80.408333;
82696;31/12/2007;0000;60.4;28.729032;20.329032;81.766129;
82696;31/01/2008;0000;114.7;28.187097;20.712903;84.33871;
82696;29/02/2008;0000;4.7;30.075862;21.031034;77.060345;
82696;31/03/2008;0000;307.3;29.135484;21.019355;82.612903;
82696;30/04/2008;0000;149.5;26.796667;20.756667;87.55;
82696;31/05/2008;0000;190.5;25.754839;20.216129;88.459677;
82696;30/06/2008;0000;216.9;23.965517;19.153333;88.766667;
82696;31/07/2008;0000;222.7;23.56129;18.487097;89.564516;
82696;31/08/2008;0000;238.1;24.225806;18.287097;88.274194;
82696;30/09/2008;0000;76.4;25.758621;19.086667;82.766667;
82696;31/10/2008;0000;21.3;27.76129;19.725806;78.870968;
82696;30/11/2008;0000;4.3;29.06;20.246667;75.875;
82696;31/12/2008;0000;13.6;29.709677;20.596774;76.41129;
82696;31/01/2009;0000;48.9;29.63871;20.883871;76.201613;
82696;28/02/2009;0000;171.5;27.414286;20.75;85.348214;
82696;31/03/2009;0000;83.2;27.870968;21.274194;85.346774;
82696;30/04/2009;0000;245.2;27.713333;21.106667;88;
82696;31/05/2009;0000;271.4;26.051613;20.687097;90.282258;
82696;30/06/2009;0000;212.2;24.753333;19.583333;90.808333;
82696;31/07/2009;0000;319.6;24.212903;18.854839;90.709677;
82696;31/08/2009;0000;183.4;24.877419;18.532258;86.895161;
82696;30/09/2009;0000;40.4;26.186667;19.133333;84.916667;
82696;31/10/2009;0000;3.6;28.567742;19.409677;76.693548;
82696;30/11/2009;0000;13.6;29.046667;19.833333;74.925;
82696;31/12/2009;0000;36.5;29.625806;20.6;78.258065;
82696;31/01/2010;0000;125.4;27.825806;20.670968;85.403226;
82696;28/02/2010;0000;45.1;28.714286;21.278571;83.276786;
82696;31/03/2010;0000;97.8;30.793548;21.512903;79.048387;
82696;30/04/2010;0000;137.2;28.24;21.246667;84.841667;
82696;31/05/2010;0000;50.3;27.912903;20.33871;83.379032;
82696;30/06/2010;0000;180.6;26.013333;19.586667;84.35;
82696;31/07/2010;0000;136.4;24.4;18.448387;86.201613;
82696;31/08/2010;0000;105.5;24.225806;17.519355;83.25;
82696;30/09/2010;0000;59.6;25.966667;17.973333;79.791667;
82696;31/10/2010;0000;15.4;28.941935;19.5;76.129032;
82696;30/11/2010;0000;2.7;29.893333;19.726667;74.308333;
82696;31/12/2010;0000;64.4;29.332258;20.196774;76.806452;
82696;31/01/2011;0000;140.7;28.206452;20.016129;82.903226;
82696;28/02/2011;0000;48.5;28.7;20.621429;81.107143;
82696;31/03/2011;0000;82.6;29.264516;20.848387;81.008065;
82696;30/04/2011;0000;280.2;27.093333;20.466667;87.266667;
82696;31/05/2011;0000;462.4;25.264516;19.835484;90.467742;
82696;30/06/2011;0000;181.4;24.693333;18.933333;89.133333;
82696;31/07/2011;0000;363;23.366667;18.123333;90.645161;
82696;31/08/2011;0000;156.9;24.354839;17.880645;86.282258;
82696;30/09/2011;0000;19.9;25.61;17.78;82.233333;
82696;31/10/2011;0000;13.8;27.567742;19.158065;82.612903;
82696;30/11/2011;0000;48.3;28.282759;19.686207;80.808333;
82696;31/12/2011;0000;29.9;29.006452;19.845161;77.83871;
82696;31/01/2012;0000;182.8;27.529032;19.570968;86.798387;
82696;29/02/2012;0000;154.4;27.165517;19.589655;85.672414;
82696;31/03/2012;0000;34.5;28.129032;19.9;83.572581;
82696;30/04/2012;0000;32.1;29.106667;20.68;80.175;
82696;31/05/2012;0000;102.5;27.719355;20.170968;82.33871;
82696;30/06/2012;0000;302.2;24.84;19.226667;88.925;
82696;31/07/2012;0000;163.3;23.841935;18.435484;88.58871;
82696;31/08/2012;0000;25.9;24.974194;17.883871;82.395161;
82696;30/09/2012;0000;6.7;26.593333;18.48;77.441667;
82696;31/10/2012;0000;13.9;27.541935;19.016129;78.66129;
82696;30/11/2012;0000;0.8;29.48;19.9;73.541667;
82696;31/12/2012;0000;5.6;29.922581;20.451613;76.508333;
82696;31/01/2013;0000;40.7;30;20.409677;77.540323;
82696;28/02/2013;0000;59.9;29.635714;20.992857;78.401786;
82696;31/03/2013;0000;49.6;29.812903;21.551613;78.532258;
82696;30/04/2013;0000;192.1;29.24;21.07;80.958333;
82696;31/05/2013;0000;110;26.445161;20.193548;86.427419;
82696;30/06/2013;0000;221.2;24.79;19.536667;90.033333;
82696;31/07/2013;0000;263.7;24;18.877419;89.814516;
82696;31/08/2013;0000;124;24.596667;18.493333;87.887097;
82696;30/09/2013;0000;59.9;25.276667;18.913333;87.141667;
82696;31/10/2013;0000;37.1;27.387097;19.935484;81.766129;
82696;30/11/2013;0000;48.4;27.706897;20.224138;80.9;
82696;31/12/2013;0000;66.5;28.86129;20.716129;79.241935;
82696;31/01/2014;0000;34.8;28.690323;20.383871;79.790323;
82696;28/02/2014;0000;156.6;27.585714;20.542857;85.982143;
82696;31/03/2014;0000;73.1;28.283871;21.074194;85.653226;
82696;30/04/2014;0000;48.2;29.633333;21.386667;82.85;
82696;31/05/2014;0000;117.9;;20.287097;86.846774;
82696;30/06/2014;0000;153.7;;19.533333;88.55;
82696;31/07/2014;0000;156.2;24.947059;18.980645;87.16129;
82696;31/08/2014;0000;92.2;25.032258;18.509677;84.612903;
82696;30/09/2014;0000;203.8;25.576667;19.163333;86.308333;
82696;31/10/2014;0000;78;26.867742;19.667742;83.967742;
82696;30/11/2014;0000;40.9;28.64;20.163333;79.833333;
82696;31/12/2014;0000;34.1;28.793548;20.374194;78.806452;
82696;31/01/2015;0000;50.9;29.154839;20.66129;77.983871;
82696;28/02/2015;0000;65;29.864286;21.121429;78.642857;
82696;31/03/2015;0000;133.3;27.941935;21.093548;85.5;
82696;30/04/2015;0000;52;29.496429;21.33;80.666667;
82696;31/05/2015;0000;91.2;28.364516;21.045161;83.532258;
82696;30/06/2015;0000;163.9;25.233333;19.82;89.241667;
82696;31/07/2015;0000;379.6;23.929032;19.332258;91.951613;
82696;31/08/2015;0000;68.7;25.177419;18.66129;85.330645;
82696;30/09/2015;0000;27.9;27.033333;19.41;82.016667;
82696;31/10/2015;0000;24.9;28.154839;19.780645;77.814516;
82696;30/11/2015;0000;4.7;30.189655;20.393333;73.983333;
82696;31/12/2015;0000;90.5;29.474194;20.75;78.669355;
