--------------------
BDMEP - INMET
--------------------
Estação           : BAGE - RS (OMM: 83980)
Latitude  (graus) : -31.33
Longitude (graus) : -54.1
Altitude  (metros): 242.31
Estação Operante
Inicio de operação: 01/01/1912
Periodo solicitado dos dados: 01/01/2000 a 01/01/2016
Os dados listados abaixo são os que encontram-se digitados no BDMEP
Hora em UTC
--------------------
Obs.: Os dados aparecem separados por ; (ponto e vírgula) no formato txt.
      Para o formato planilha XLS, siga as instruções
--------------------
Estacao;Data;Hora;PrecipitacaoTotal;TempMaximaMedia;TempMinimaMedia;UmidadeRelativaMedia;
83980;31/01/2000;0000;98.9;31.129032;17.609677;48.048387;
83980;29/02/2000;0000;105.6;28.310345;17.62069;54.517241;
83980;31/03/2000;0000;151.3;25.83871;15.619355;61.620968;
83980;30/04/2000;0000;162.4;24.26;15.06;68;
83980;31/05/2000;0000;309.3;18.719355;10.783871;73.040323;
83980;30/06/2000;0000;149.4;18.126667;10.233333;72.166667;
83980;31/07/2000;0000;153.3;15.03871;6.016129;66.370968;
83980;31/08/2000;0000;58.9;19.512903;8.619355;57.370968;
83980;30/09/2000;0000;145.7;20.63;9.703333;59.091667;
83980;31/10/2000;0000;137.6;22.293548;13.967742;70.483871;
83980;30/11/2000;0000;133.5;23.99;13.676667;73.091667;
83980;31/12/2000;0000;105.3;27.858065;16.590323;72.580645;
83980;30/09/2001;0000;45.5;;;;
83980;31/10/2001;0000;233.6;24.438889;15.09;81.46;
83980;30/11/2001;0000;191.3;25.531034;14.526667;77.034483;
83980;31/12/2001;0000;21.2;26.385714;16.253571;75.555556;
83980;31/01/2002;0000;236;28.248387;17.1;75.169643;
83980;28/02/2002;0000;63.9;27.114286;16.725;77.287037;
83980;31/03/2002;0000;269.6;27.912903;19.351613;85.185484;
83980;30/04/2002;0000;325.8;21.886667;13.616667;84.598214;
83980;31/05/2002;0000;93.7;21.412903;13.554839;84.177419;
83980;30/06/2002;0000;159.5;16.653333;8.048276;81.866667;
83980;31/07/2002;0000;142.6;16.554839;7.693548;81.330645;
83980;31/08/2002;0000;269.9;19.883871;10.43871;77.927419;
83980;30/09/2002;0000;265;19.035714;8.74;76.516667;
83980;31/10/2002;0000;260.6;24.448387;14.551613;80.870968;
83980;30/11/2002;0000;154.8;25.843333;15.46;74.008333;
83980;31/12/2002;0000;414.4;26.76129;16.829032;75.483871;
83980;31/01/2003;0000;47.7;30.177419;17.929032;67.362903;
83980;28/02/2003;0000;258.2;28.662963;18.717857;77.053571;
83980;31/03/2003;0000;279.1;26.109677;16.532258;80.25;
83980;30/04/2003;0000;336.1;21.91;13.016667;79.775;
83980;31/05/2003;0000;175;20.035484;11.316129;79.66129;
83980;30/06/2003;0000;179.2;17.816667;10.456667;87.341667;
83980;31/07/2003;0000;61.9;17.216129;7.922581;80.459677;
83980;31/08/2003;0000;100.1;17.256667;7.012903;77.362903;
83980;30/09/2003;0000;78.4;19.936667;8.786667;73.666667;
83980;31/10/2003;0000;167.9;24.258065;12.677419;73.467742;
83980;30/11/2003;0000;194.4;25.703333;13.843333;72.291667;
83980;31/12/2003;0000;124.3;25.867742;14.745161;72.879032;
83980;31/01/2004;0000;46;29.290323;17.783871;72.540323;
83980;29/02/2004;0000;185.8;27.47931;16.362069;71.077586;
83980;31/03/2004;0000;16.4;27.974194;15.848387;71.709677;
83980;30/04/2004;0000;223.8;26.01;15.306667;74.883333;
83980;31/05/2004;0000;202.9;17.470968;9.658065;82.75;
83980;30/06/2004;0000;62.5;18.98;9.97;79.941667;
83980;31/07/2004;0000;66.5;17.035484;7.43871;75.266129;
83980;31/08/2004;0000;61.3;19.296774;9.245161;74.314516;
83980;30/09/2004;0000;162.3;21.751724;11.283333;70.908333;
83980;31/10/2004;0000;119;22.43871;10.609677;69.637097;
83980;30/11/2004;0000;110.3;24.29;13.683333;73.075;
83980;31/12/2004;0000;38.8;28.119355;15.451613;65.120968;
83980;31/01/2005;0000;92.1;32.03871;18.374194;63.120968;
83980;28/02/2005;0000;70;29.246429;17.228571;69.223214;
83980;31/03/2005;0000;68.8;28.451613;16.429032;68.346774;
83980;30/04/2005;0000;165.6;22.803333;12.68;78.425;
83980;31/05/2005;0000;154.6;20.664516;12.225806;79.056452;
83980;30/06/2005;0000;75;20.103333;13.146667;84.683333;
83980;31/07/2005;0000;58.6;17.525806;8.916129;75.774194;
83980;31/08/2005;0000;95.1;19.948387;10.270968;75;
83980;30/09/2005;0000;141.8;17.56;8.873333;76.683333;
83980;31/10/2005;0000;172.8;21.36129;11.309677;72.919355;
83980;30/11/2005;0000;16.1;27.923333;14.343333;61.133333;
83980;31/12/2005;0000;14.6;28.593548;15.080645;61.604839;
83980;31/01/2006;0000;165;30.73871;18.654839;66.959677;
83980;28/02/2006;0000;48.4;30.035714;17.592857;65.991071;
83980;31/03/2006;0000;66;28.432258;16.612903;70.532258;
83980;30/04/2006;0000;68.3;24.15;13.56;71.408333;
83980;31/05/2006;0000;96.1;18.187097;8.503226;75.822581;
83980;30/06/2006;0000;82.5;18.83;9.17;78.833333;
83980;31/07/2006;0000;58.6;20.296774;10.974194;78.709677;
83980;31/08/2006;0000;56.9;18.145161;7.867742;75.604839;
83980;30/09/2006;0000;98.3;19.71;8.77;71.7;
83980;31/10/2006;0000;64.3;25.351613;13.325806;71.669355;
83980;30/11/2006;0000;167;25.423333;14.373333;69.833333;
83980;31/12/2006;0000;112.9;29.954839;17.867742;68.508065;
83980;31/01/2007;0000;67.6;29.683871;18.13871;69.790323;
83980;28/02/2007;0000;90.7;29.503571;18.114286;69.026786;
83980;31/03/2007;0000;254.5;27.622581;18.56129;78.580645;
83980;30/04/2007;0000;70.9;24.89;15.42;77.591667;
83980;31/05/2007;0000;30.5;17.187097;7.474194;79.758065;
83980;30/06/2007;0000;185.6;16.39;7.996667;80.175;
83980;31/07/2007;0000;78;14.277419;4.593548;75.491935;
83980;31/08/2007;0000;200.7;15.629032;6.996774;81.443548;
83980;30/09/2007;0000;66.5;22.55;13.103333;75.966667;
83980;31/10/2007;0000;160.6;23.454839;14.345161;76.629032;
83980;30/11/2007;0000;61.8;25.23;12.573333;67.166667;
83980;31/12/2007;0000;62.2;29.783871;16.022581;66.217742;
83980;31/01/2008;0000;33.9;29.522581;17.425806;65.620968;
83980;29/02/2008;0000;111.1;28.713793;18.017241;70.017241;
83980;31/03/2008;0000;87.7;27.396774;16.567742;70.516129;
83980;30/04/2008;0000;101.4;24.123333;12.89;68.366667;
83980;31/05/2008;0000;97.5;20.083871;10.625806;76.459677;
83980;30/06/2008;0000;174.4;14.88;7.223333;80.683333;
83980;31/07/2008;0000;123.3;18.977419;11.580645;81.58871;
83980;31/08/2008;0000;181.8;18.170968;7.516129;76.129032;
83980;30/09/2008;0000;94.5;18.55;8.676667;76.508333;
83980;31/10/2008;0000;98.9;22.63871;12.483871;74.419355;
83980;30/11/2008;0000;121.9;27.663333;15.176667;67.075;
83980;31/12/2008;0000;104.8;28.193548;16.035484;67.733871;
83980;31/01/2009;0000;110.3;28.496774;16.796774;68.201613;
83980;28/02/2009;0000;158.1;28.625;17.732143;71.205357;
83980;31/03/2009;0000;63.2;27.422581;16.919355;72.991935;
83980;30/04/2009;0000;0.8;25.47;12.96;69.05;
83980;31/05/2009;0000;126.3;22.287097;11.303226;73.91129;
83980;30/06/2009;0000;44.3;16.106667;6.64;76.575;
83980;31/07/2009;0000;59.5;14.683871;5.090323;74.298387;
83980;31/08/2009;0000;210.2;20.529032;10.619355;73.693548;
83980;30/09/2009;0000;248.9;18.846667;10.106667;78.225;
83980;31/10/2009;0000;140;23.087097;11.187097;68.25;
83980;30/11/2009;0000;582.7;26.22;16.806667;77.758333;
83980;31/12/2009;0000;136.7;27.019355;16.680645;71.620968;
83980;31/01/2010;0000;212.7;28.951613;18.151613;71.282258;
83980;28/02/2010;0000;225.4;29.185714;19.432143;77.044643;
83980;31/03/2010;0000;77.3;27.483871;17.009677;71.241935;
83980;30/04/2010;0000;81.3;24;12.71;72.9;
83980;31/05/2010;0000;102.7;19.716129;11.590323;80.830645;
83980;30/06/2010;0000;106.8;17.083333;8.36;77.1;
83980;31/07/2010;0000;261.1;17.316129;6.841935;75.475806;
83980;31/08/2010;0000;40;17.322581;7.541935;75.290323;
83980;30/09/2010;0000;116.5;20.683333;10.766667;74.966667;
83980;31/10/2010;0000;30.2;23.03871;10.922581;65.701613;
83980;30/11/2010;0000;35.6;26.456667;12.976667;62.391667;
83980;31/12/2010;0000;65;30.754839;16.619355;61.032258;
83980;31/01/2011;0000;72.7;32.429032;20.716129;69.33871;
83980;28/02/2011;0000;105.6;30.571429;20.085714;72.035714;
83980;31/03/2011;0000;101;29.106452;15.387097;69.08871;
83980;30/04/2011;0000;110.2;26.443333;13.47;71.258333;
83980;31/05/2011;0000;73.2;20.596774;9.567742;76.951613;
83980;30/06/2011;0000;115;17.296667;7.433333;77.616667;
83980;31/07/2011;0000;126.5;16.467742;6.651613;75.241935;
83980;31/08/2011;0000;107.4;18.003226;7.574194;74.443548;
83980;30/09/2011;0000;69.5;22.336667;9.466667;69.025;
83980;31/10/2011;0000;114.6;23.729032;11.919355;72.330645;
83980;30/11/2011;0000;75.3;28.633333;13.873333;60.375;
83980;31/12/2011;0000;59.1;26.841935;15.635484;62.193548;
83980;31/01/2012;0000;20.6;30.309677;17.741935;56.991935;
83980;29/02/2012;0000;208.5;29.189655;20.031034;72.241379;
83980;31/03/2012;0000;93.8;26.9;17.129032;68.927419;
83980;30/04/2012;0000;109.8;21.88;13.08;75.675;
83980;31/05/2012;0000;14.2;22.241935;12.345161;79.419355;
83980;30/06/2012;0000;117.3;17.643333;8.733333;78.166667;
83980;31/07/2012;0000;69.1;15.167742;5.116129;76.266129;
83980;31/08/2012;0000;133.7;21.925806;12.864516;77.298387;
83980;30/09/2012;0000;146.6;20.64;11.716667;74.833333;
83980;31/10/2012;0000;238.4;23.448387;14.667742;76.790323;
83980;30/11/2012;0000;63.8;27.78;16.576667;65.075;
83980;31/12/2012;0000;197.4;29.432258;18.558065;67.91129;
83980;31/01/2013;0000;175.8;27.751613;17.132258;68.16129;
83980;28/02/2013;0000;119.8;27.578571;18.003571;75.223214;
83980;31/03/2013;0000;38.7;24.693548;14.358065;71.532258;
83980;30/04/2013;0000;129.6;23.83;13.54;74.5;
83980;31/05/2013;0000;156;18.716129;10.477419;79.556452;
83980;30/06/2013;0000;77.3;17.01;8.246667;82.083333;
83980;31/07/2013;0000;53.7;17.206452;7.887097;77.870968;
83980;31/08/2013;0000;116;16.032258;6.809677;75.935484;
83980;30/09/2013;0000;177.2;20.686667;10.96;76.208333;
83980;31/10/2013;0000;233.1;22.370968;12.448387;76.241935;
83980;30/11/2013;0000;235.7;25.52;15.706667;74.283333;
83980;31/12/2013;0000;41.7;31.119355;18.319355;63.387097;
83980;31/01/2014;0000;267;30.43871;20.467742;70.798387;
83980;28/02/2014;0000;257.9;29.310714;20.496429;76.428571;
83980;31/03/2014;0000;214.8;25.119355;15.887097;74.653226;
83980;30/04/2014;0000;62.5;22.906667;14.613333;77.208333;
83980;31/05/2014;0000;42.3;19.270968;11.122581;83.129032;
83980;30/06/2014;0000;113.4;16.996667;9.313333;82.683333;
83980;31/07/2014;0000;271.9;18.6;9.396774;83.814516;
83980;31/08/2014;0000;61.7;20.325806;9.732258;74.435484;
83980;30/09/2014;0000;184.9;21.063333;12.326667;80.691667;
83980;31/10/2014;0000;275.6;24.416129;15.2;76.645161;
83980;30/11/2014;0000;130.2;26.78;16.103333;69.758333;
83980;31/12/2014;0000;199.3;27.696774;17.993548;71.685484;
83980;31/01/2015;0000;162.3;28.577419;18.858065;74.532258;
83980;28/02/2015;0000;87;28.578571;18.792857;73.9375;
83980;31/03/2015;0000;27.5;28.177419;17.712903;69.185484;
83980;30/04/2015;0000;17.1;26.04;14.603333;68.325;
83980;31/05/2015;0000;131.7;21.145161;12.541935;78.282258;
83980;30/06/2015;0000;192.7;18.416667;10.436667;80.333333;
83980;31/07/2015;0000;254;17.632258;9.854839;83.959677;
83980;31/08/2015;0000;168;22.287097;13.958065;79.548387;
83980;30/09/2015;0000;266.5;19.583333;11.263333;76.841667;
83980;31/10/2015;0000;407.6;21.006452;12.790323;80.951613;
83980;30/11/2015;0000;104.1;23.846667;15.04;76.416667;
83980;31/12/2015;0000;224.4;27.296774;18.535484;76.483871;
