--------------------
BDMEP - INMET
--------------------
Estação           : BARREIRAS - BA (OMM: 83236)
Latitude  (graus) : -12.15
Longitude (graus) : -45
Altitude  (metros): 439.29
Estação Operante
Inicio de operação: 01/01/1924
Periodo solicitado dos dados: 01/01/2000 a 01/01/2016
Os dados listados abaixo são os que encontram-se digitados no BDMEP
Hora em UTC
--------------------
Obs.: Os dados aparecem separados por ; (ponto e vírgula) no formato txt.
      Para o formato planilha XLS, siga as instruções
--------------------
Estacao;Data;Hora;PrecipitacaoTotal;TempMaximaMedia;TempMinimaMedia;UmidadeRelativaMedia;
83236;31/01/2000;0000;183.9;30.487097;20.764516;81.322581;
83236;29/02/2000;0000;248.4;30.465517;21.027586;80.62069;
83236;31/03/2000;0000;93.9;30.23871;20.816129;79.967742;
83236;30/04/2000;0000;73.5;31.17;20.543333;78.5;
83236;31/05/2000;0000;9.9;31.767742;17.570968;72.25;
83236;30/06/2000;0000;0.1;31.77;15.403333;72.591667;
83236;31/07/2000;0000;0.2;32.183871;15.787097;66.822581;
83236;31/08/2000;0000;0.6;34.064516;16.1;57.798387;
83236;30/09/2000;0000;39.1;34.193333;19.87;53.925;
83236;31/10/2000;0000;12.7;36.125806;20.312903;55.733871;
83236;30/11/2000;0000;299.1;31.286667;20.653333;81.333333;
83236;31/12/2000;0000;224.1;30.567742;21.316129;86.112903;
83236;31/01/2001;0000;18;32.277419;19.825806;77.685484;
83236;28/02/2001;0000;41.2;33.525;20.664286;77.232143;
83236;31/03/2001;0000;163.5;32.06129;20.554839;81.693548;
83236;30/04/2001;0000;24.4;32.653333;19.946667;77.908333;
83236;31/05/2001;0000;35.8;34.103226;19.325806;70.241935;
83236;30/06/2001;0000;0;32.386667;16.246667;58.458333;
83236;31/07/2001;0000;0.3;32.709677;14.945161;52.193548;
83236;31/08/2001;0000;0;32.806452;16.625806;44.298387;
83236;30/09/2001;0000;2.7;35.606667;19.796667;43.375;
83236;31/10/2001;0000;103.8;33.706452;21.477419;62.733871;
83236;30/11/2001;0000;158.4;32.383333;21.416667;75.608333;
83236;31/12/2001;0000;214.4;31.303226;20.364516;76.024194;
83236;31/01/2002;0000;245.5;30.303226;21.054839;81.887097;
83236;28/02/2002;0000;99.5;32.053571;19.967857;73.339286;
83236;31/03/2002;0000;21.7;33.796774;20.76;69.346774;
83236;30/04/2002;0000;43.8;32.74;19.693333;69.183333;
83236;31/05/2002;0000;26.3;33.725806;17.719355;61.362903;
83236;30/06/2002;0000;0.9;32.59;16.516667;55.783333;
83236;31/07/2002;0000;14.8;33.793548;16.283871;50.217742;
83236;31/08/2002;0000;0;34.341935;16.264516;40.653226;
83236;30/09/2002;0000;47.5;34.783333;20.046667;47.433333;
83236;31/10/2002;0000;34.5;37.041935;20.980645;40.258065;
83236;30/11/2002;0000;68.5;34.92;20.813333;54.975;
83236;31/12/2002;0000;347.1;33.267742;21.874194;68.532258;
83236;31/01/2003;0000;145.6;31.383871;21.29;82.653226;
83236;28/02/2003;0000;89.3;31.896429;20.814286;79.116071;
83236;31/03/2003;0000;133.3;31.119355;21.512903;81.524194;
83236;30/04/2003;0000;98.3;32.366667;20.653333;75.633333;
83236;31/05/2003;0000;8.7;32.654839;19.393548;71.975806;
83236;30/06/2003;0000;0;32.633333;15.16;65.441667;
83236;31/07/2003;0000;0;32.26129;14.048387;58.790323;
83236;31/08/2003;0000;10.1;33.909677;17.383333;57.782258;
83236;30/09/2003;0000;10.9;35.946667;18.61;47.641667;
83236;31/10/2003;0000;33.2;36.129032;21.387097;52.491935;
83236;30/11/2003;0000;153;33.786667;20.92;69.633333;
83236;31/12/2003;0000;121.4;34.493548;21.341935;68.274194;
83236;31/01/2004;0000;370.9;30.374194;21.877419;85.975806;
83236;29/02/2004;0000;201.1;30.065517;21.113793;85.931034;
83236;31/03/2004;0000;211.3;30;20.929032;87.540323;
83236;30/04/2004;0000;27.4;31.883333;20.503333;78.75;
83236;31/05/2004;0000;0.4;32.554839;18.709677;68.685484;
83236;30/06/2004;0000;0;31.553333;15.776667;62.383333;
83236;31/07/2004;0000;0;31.725;15.339286;57.071429;
83236;31/08/2004;0000;0;34.271429;15.589286;45.866071;
83236;30/09/2004;0000;3.4;35.833333;16.834483;35.116667;
83236;31/10/2004;0000;79.5;35.780645;21.476667;48.822581;
83236;30/11/2004;0000;123.6;34.1;21.66;59.866667;
83236;31/12/2004;0000;142;32.858065;20.864516;71.516129;
83236;31/01/2005;0000;227.9;31.419355;21.67;76.362903;
83236;28/02/2005;0000;173.7;31.621429;21.660714;80.098214;
83236;31/03/2005;0000;89.8;31.464516;21.819355;81.596774;
83236;30/04/2005;0000;53.1;32.326667;20.76;75.925;
83236;31/05/2005;0000;61.8;31.319355;18.686207;72.16129;
83236;30/06/2005;0000;0;31.566667;17.226667;65.433333;
83236;31/07/2005;0000;0;31.677419;15.316129;54.467742;
83236;31/08/2005;0000;0;33.570968;16.412903;44.116667;
83236;30/09/2005;0000;13.7;35.6;19.816667;42.725;
83236;31/10/2005;0000;22.3;37.177419;20.770968;37.959677;
83236;30/11/2005;0000;119.7;33.333333;22.006667;62.441667;
83236;31/12/2005;0000;203.5;30.693548;21.045161;73.596774;
83236;31/01/2006;0000;62.8;33.764516;20.422581;64.919355;
83236;28/02/2006;0000;102.7;31.935714;21.607143;77.633929;
83236;31/03/2006;0000;257;31.509677;20.274194;79.185484;
83236;30/04/2006;0000;134.4;30.543333;19.863333;81.283333;
83236;31/05/2006;0000;16.5;30.787097;17.874194;75.596774;
83236;30/06/2006;0000;0;30.536667;14.11;64.525;
83236;31/07/2006;0000;0;31.719355;13.774194;57.233871;
83236;31/08/2006;0000;2;34.125806;14.751613;47.008065;
83236;30/09/2006;0000;22;35.173333;18.723333;45.9;
83236;31/10/2006;0000;158.5;34.006452;21.787097;61.774194;
83236;30/11/2006;0000;145.4;31.873333;20.91;72.45;
83236;31/12/2006;0000;155.2;33.354839;20.670968;69.66129;
83236;31/01/2007;0000;67.9;33.293548;21.322581;69.508065;
83236;28/02/2007;0000;310.7;29.710714;21.125;82.723214;
83236;31/03/2007;0000;40.9;32.387097;19.906667;71.153226;
83236;30/04/2007;0000;17.4;33.306667;19.973333;69.958333;
83236;31/05/2007;0000;12.7;33.909677;17.790323;60.040323;
83236;30/06/2007;0000;0;32.703333;15.396667;53.916667;
83236;31/07/2007;0000;0;33.196774;14.843333;47.903226;
83236;31/08/2007;0000;0;33.348387;16.325806;39.806452;
83236;30/09/2007;0000;0;35.143333;18.373333;35.583333;
83236;31/10/2007;0000;21.5;37.045161;21.66129;37.153226;
83236;30/11/2007;0000;98.1;35.786667;22.726667;49.125;
83236;31/12/2007;0000;123.2;32.948387;21.054839;63.669355;
83236;31/01/2008;0000;216;32.154839;20.843333;69.612903;
83236;29/02/2008;0000;152.2;31.262069;21.485714;77.017241;
83236;31/03/2008;0000;299.3;30.36129;20.531034;82.645161;
83236;30/04/2008;0000;141.3;30.673333;20.313333;81.883333;
83236;31/05/2008;0000;7.4;31.970968;18.243333;69.451613;
83236;30/06/2008;0000;0;31.413333;15.456667;61.466667;
83236;31/07/2008;0000;0;31.712903;13.845161;51.846774;
83236;31/08/2008;0000;0;33.63871;15.562069;42.193548;
83236;30/09/2008;0000;9.6;35.496667;19.206667;49.483333;
83236;31/10/2008;0000;2.3;36.974194;21.364516;36.064516;
83236;30/11/2008;0000;121.6;33.016667;22.378571;70.783333;
83236;31/12/2008;0000;202.4;31.132258;21.348387;76.306452;
83236;31/01/2009;0000;138.3;31.977419;21.163333;76.370968;
83236;28/02/2009;0000;72.3;31.939286;21.05;77.464286;
83236;31/03/2009;0000;127;32.854839;20.974194;76.298387;
83236;30/04/2009;0000;218.8;30.326667;21.386667;83.433333;
83236;31/05/2009;0000;56.8;30.145161;19.354839;78.104839;
83236;30/06/2009;0000;59;30.69;17.396552;75.8;
83236;31/07/2009;0000;0;31.922581;15.2;69.362903;
83236;31/08/2009;0000;0;33.674194;17.077419;56.572581;
83236;30/09/2009;0000;5.7;36.49;20.093333;49.683333;
83236;31/10/2009;0000;0.2;;;;
83236;31/07/2010;0000;0.2;32.122581;15.967742;;
83236;31/08/2010;0000;0;33.351613;14.525806;;
83236;30/09/2010;0000;0;35.3;17.533333;;
83236;31/10/2010;0000;105.4;36.103226;22.035484;;
83236;30/11/2010;0000;145.1;32.27;21.563333;;
83236;31/12/2010;0000;233.1;31.551613;21.390323;;
83236;31/01/2011;0000;193;31.009677;20.980645;;
83236;28/02/2011;0000;138.1;30.485714;20.960714;;
83236;31/03/2011;0000;191.4;30.448387;20.974194;;
83236;30/04/2011;0000;26.5;31.533333;20.44;;
83236;31/05/2011;0000;1.7;32.096774;18.06129;;
83236;30/06/2011;0000;0;32.37;16.043333;;
83236;31/07/2011;0000;0;32.577419;14.370968;;
83236;31/08/2011;0000;0;34.422581;16.087097;;
83236;30/09/2011;0000;0;35.226667;16.686667;;
83236;31/10/2011;0000;181;33.403226;22.13871;;
83236;30/11/2011;0000;206.5;29.693333;20.868966;;
83236;31/12/2011;0000;226.1;30.854839;20.564516;;
83236;31/01/2012;0000;110.6;30.622581;20.925806;;
83236;29/02/2012;0000;64.9;31.713793;20.755172;;
83236;31/03/2012;0000;46.7;33.9;20.777419;;
83236;30/04/2012;0000;3.8;35.196667;19.796667;;
83236;31/05/2012;0000;5.8;33.709677;19.646667;;
83236;30/06/2012;0000;1.1;33.7;17.493333;;
83236;31/07/2012;0000;0;33.051613;15.66129;;
83236;31/08/2012;0000;0;32.46129;17.054839;;
83236;30/09/2012;0000;0.2;35.723333;18.517241;;
83236;31/10/2012;0000;15.3;36.412903;21.322581;;
83236;30/11/2012;0000;298.9;30.753333;21.813793;;
83236;31/12/2012;0000;35.2;33.874194;20.770968;;
83236;31/01/2013;0000;341.9;31.3;21.625806;;
83236;28/02/2013;0000;54.7;33.032143;21.210714;;
83236;31/03/2013;0000;87.8;33.151724;21.655172;;
83236;30/04/2013;0000;68.3;32.143333;21.333333;;
83236;31/05/2013;0000;2.7;33.503448;19.267857;;
83236;30/06/2013;0000;0.3;33.123333;18.153333;;
83236;31/07/2013;0000;0;33.2;16.593548;;
83236;31/08/2013;0000;0;34.041935;17.416129;;
83236;30/09/2013;0000;6;35.62;21.12069;;
83236;31/10/2013;0000;43.6;35.332258;22.929032;;
83236;30/11/2013;0000;188.7;33.28;21.89;;
83236;31/12/2013;0000;255.9;30.241935;21.548387;;
83236;31/01/2014;0000;29.3;32.674194;20.854839;;
83236;28/02/2014;0000;115.5;31.796296;21.071429;;
83236;31/03/2014;0000;92.4;31.551613;21.496774;;
83236;30/04/2014;0000;98.1;31.776667;20.823333;;
83236;31/05/2014;0000;1.3;32.474194;19.483871;;
83236;30/06/2014;0000;0;32.256667;17.073333;;
83236;31/07/2014;0000;0.3;32.74;17.046667;;
83236;31/08/2014;0000;0;34.019355;17.087097;;
83236;30/09/2014;0000;43.7;36.053333;19.883333;;
83236;31/10/2014;0000;12.6;;;;
83236;30/11/2014;0000;153.9;34.52;22.623333;;
83236;31/12/2014;0000;290.5;31.703226;21.280645;;
83236;31/01/2015;0000;203.5;34.177419;20.567742;;
83236;28/02/2015;0000;132.7;30.932143;20.985714;;
83236;31/03/2015;0000;128.8;32.474194;21.606452;;
83236;30/04/2015;0000;147.7;32.02;21.956667;;
83236;31/05/2015;0000;15.4;31.845161;19.748387;;
83236;30/06/2015;0000;0;32.086667;17.253333;;
83236;31/07/2015;0000;0;33.06129;17.122581;;
83236;31/08/2015;0000;0;33.870968;16.422581;;
83236;30/09/2015;0000;0;37.5;18.96;;
83236;31/10/2015;0000;13.2;36.916129;21.035484;;
83236;30/11/2015;0000;129.1;36.393333;22.133333;;
83236;31/12/2015;0000;30.5;36.232258;21.648387;;
