--------------------
BDMEP - INMET
--------------------
Estação           : BARRA - BA (OMM: 83179)
Latitude  (graus) : -11.08
Longitude (graus) : -43.16
Altitude  (metros): 401.58
Estação Operante
Inicio de operação: 03/03/1925
Periodo solicitado dos dados: 01/01/2000 a 01/01/2016
Os dados listados abaixo são os que encontram-se digitados no BDMEP
Hora em UTC
--------------------
Obs.: Os dados aparecem separados por ; (ponto e vírgula) no formato txt.
      Para o formato planilha XLS, siga as instruções
--------------------
Estacao;Data;Hora;PrecipitacaoTotal;TempMaximaMedia;TempMinimaMedia;UmidadeRelativaMedia;
83179;31/01/2000;0000;46.9;32.332258;21.232258;60.427419;
83179;29/02/2000;0000;206.7;32.134483;21.444828;63.25;
83179;31/03/2000;0000;71.9;31.658065;20.83871;63.532258;
83179;30/04/2000;0000;46.7;32.783333;20.84;60.908333;
83179;31/05/2000;0000;0;32.725806;19.667742;57.596774;
83179;30/06/2000;0000;0;32.403333;17.563333;55.208333;
83179;31/07/2000;0000;0;32.632258;17.083871;48.491935;
83179;31/08/2000;0000;0;33.548387;18.264516;44.387097;
83179;30/09/2000;0000;58.4;33.626667;20.496667;44.916667;
83179;31/10/2000;0000;11.2;35.590323;21.867742;42.612903;
83179;30/11/2000;0000;197.3;31.95;20.656667;66.833333;
83179;31/12/2000;0000;256.4;31.029032;21.13871;72.629032;
83179;31/01/2001;0000;15;32.422581;19.858065;61.548387;
83179;28/02/2001;0000;33.4;34.25;21.296429;56.696429;
83179;31/03/2001;0000;177.4;33.03871;20.93871;64.233871;
83179;30/04/2001;0000;19.9;33.793333;19.97;56.441667;
83179;31/05/2001;0000;14;34.183871;20.122581;51.693548;
83179;30/06/2001;0000;3.9;32.2;17.65;50.483333;
83179;31/07/2001;0000;0;32.490323;17.090323;44.916667;
83179;31/08/2001;0000;0;32.283871;17.312903;42.322581;
83179;30/09/2001;0000;0;35.476667;20.55;39.8;
83179;31/10/2001;0000;79.4;35.070968;22.125806;48.524194;
83179;30/11/2001;0000;78.5;35.09;22.576667;51.641667;
83179;31/12/2001;0000;104.1;33.893548;21.948387;55.879032;
83179;31/01/2002;0000;333.6;30.948387;20.96129;72.66129;
83179;28/02/2002;0000;119.2;32.482143;19.946429;60.777778;
83179;31/03/2002;0000;42.4;33.716129;21.019355;52.5;
83179;30/04/2002;0000;25.8;33.32;20.346667;56.483333;
83179;31/05/2002;0000;0.5;33.603226;19.136667;49.274194;
83179;30/06/2002;0000;0;32;17.11;49.308333;
83179;31/07/2002;0000;0;33.258065;17.683871;45.104839;
83179;31/08/2002;0000;0;33.287097;17.567742;42.169355;
83179;30/09/2002;0000;37.2;34.38;20.866667;45.108333;
83179;31/10/2002;0000;0;36.096774;22.183871;36.879032;
83179;30/11/2002;0000;173;34.873333;21.356667;49.433333;
83179;31/12/2002;0000;106.9;34.306452;21.651613;60.104839;
83179;31/01/2003;0000;128.7;32.903226;22.019355;66.322581;
83179;28/02/2003;0000;24.6;33.960714;21.557143;56.125;
83179;31/03/2003;0000;146.6;33.629032;22.174194;59.653226;
83179;30/04/2003;0000;7.9;33.803333;20.87;57.591667;
83179;31/05/2003;0000;46.5;32.603226;20.574194;57.975806;
83179;30/06/2003;0000;0;32.573333;17.153333;49.258333;
83179;31/07/2003;0000;0;32.122581;16.977419;46.620968;
83179;31/08/2003;0000;8.4;33.925806;18.745161;43.612903;
83179;30/09/2003;0000;0;34.86;19.903333;37.891667;
83179;31/10/2003;0000;0.6;36.006452;21.729032;36.379032;
83179;30/11/2003;0000;27.5;35.63;21.96;46.775;
83179;31/12/2003;0000;41.9;36.848387;22.854839;42.758065;
83179;31/01/2004;0000;309.4;31.229032;21.025806;73.395161;
83179;29/02/2004;0000;131.3;31.306897;20.558621;71.215517;
83179;31/03/2004;0000;139;31.329032;19.990323;72.790323;
83179;30/04/2004;0000;23.3;33.043333;19.056667;64.458333;
83179;31/05/2004;0000;0;32.609677;18.793548;58.943548;
83179;30/06/2004;0000;0;31.676667;16.946667;56.35;
83179;31/07/2004;0000;0;31.932258;16.106452;51.387097;
83179;31/08/2004;0000;0;33.780645;18.377419;45.862903;
83179;30/09/2004;0000;0;34.69;17.9;38.233333;
83179;31/10/2004;0000;27.5;35.548387;20.596774;44.491935;
83179;30/11/2004;0000;35.2;35.183333;21.33;50.7;
83179;31/12/2004;0000;30.4;35.312903;20.225806;52.895161;
83179;31/01/2005;0000;185;33.3;20.532258;66.935484;
83179;28/02/2005;0000;158.4;32.178571;20.275;71.508929;
83179;31/03/2005;0000;69;32.722581;20.425806;65.943548;
83179;30/04/2005;0000;99.7;32.71;19.186667;58.741667;
83179;31/05/2005;0000;81.4;31.435484;17.941935;60.282258;
83179;30/06/2005;0000;0;31.676667;18.866667;61.833333;
83179;31/07/2005;0000;0;31.987097;19.083871;54.66129;
83179;31/08/2005;0000;0;33.277419;20.470968;51.064516;
83179;30/09/2005;0000;0;35.093333;20.8;44.541667;
83179;31/10/2005;0000;4.9;36.693548;22.229032;46.290323;
83179;30/11/2005;0000;74.4;34.373333;21.753333;57.291667;
83179;31/12/2005;0000;52.7;32.767742;21.109677;63.75;
83179;31/01/2006;0000;7.7;35.864516;21.677419;47.58871;
83179;28/02/2006;0000;96.6;34.567857;22.217857;58.008929;
83179;31/03/2006;0000;173.8;32.232258;21.587097;69.306452;
83179;30/04/2006;0000;302.4;30.75;21.17;72.475;
83179;31/05/2006;0000;10.8;31.048387;19.519355;59.919355;
83179;30/06/2006;0000;0;31.29;15.95;55.75;
83179;31/07/2006;0000;0;32.051613;15.732258;49.927419;
83179;31/08/2006;0000;0;33.258065;18.203226;47.241935;
83179;30/09/2006;0000;0;35.013333;20.486667;46.883333;
83179;31/10/2006;0000;79.8;34.719355;22.76129;52.241935;
83179;30/11/2006;0000;111.1;33.02;21.393333;59.1;
83179;31/12/2006;0000;63.1;34.077419;21.425806;52.637097;
83179;31/01/2007;0000;16.8;35.003226;22.586667;50.887097;
83179;28/02/2007;0000;244.7;30.653571;21.762963;70.535714;
83179;31/03/2007;0000;20.9;33.067742;20.087097;54.975806;
83179;30/04/2007;0000;1.9;33.623333;20.416667;56.4;
83179;31/05/2007;0000;1.9;33.751613;18.66129;53.879032;
83179;30/06/2007;0000;0.6;32.286667;17.48;54.108333;
83179;31/07/2007;0000;0;32.767742;18.122581;50.443548;
83179;31/08/2007;0000;0;32.454839;16.741935;46.5;
83179;30/09/2007;0000;0;33.993333;19.173333;42.35;
83179;31/10/2007;0000;3;35.796774;21.829032;42.048387;
83179;30/11/2007;0000;103.5;35.586667;22.623333;50.016667;
83179;31/12/2007;0000;99.8;33.254839;20.73871;58.548387;
83179;31/01/2008;0000;20.6;34.670968;21.503226;55.919355;
83179;29/02/2008;0000;150.4;33.434483;21.982759;61.301724;
83179;31/03/2008;0000;107.6;31.580645;21.519355;67.25;
83179;30/04/2008;0000;187.5;31.27;20.826667;64.658333;
83179;31/05/2008;0000;3.8;31.774194;19.480645;57.725806;
83179;30/06/2008;0000;0;31.296667;15.846667;57.925;
83179;31/07/2008;0000;0;31.464516;15.206452;51.959677;
83179;31/08/2008;0000;0;33;17.196774;45.362903;
83179;30/09/2008;0000;0;35.25;20.744828;42.425;
83179;31/10/2008;0000;0;36.183871;23.406452;43.129032;
83179;30/11/2008;0000;64.4;34.966667;23.336667;53.783333;
83179;31/12/2008;0000;200.9;32.641935;21.570968;68.814516;
83179;31/01/2009;0000;66.4;33.416129;21.703226;60.774194;
83179;28/02/2009;0000;69.9;33.435714;21.928571;58.008929;
83179;31/03/2009;0000;167.7;33.154839;22.2;64.032258;
83179;30/04/2009;0000;164.5;30.986667;21.94;71.175;
83179;31/05/2009;0000;9.4;30.877419;20.516129;65.5;
83179;30/06/2009;0000;35;31.736667;17.64;61.925;
83179;31/07/2009;0000;0.3;32.66129;16.841935;52.516129;
83179;31/08/2009;0000;0;33.609677;18.141935;47.016129;
83179;30/09/2009;0000;0;36.163333;21.67;40.708333;
83179;31/10/2009;0000;136.7;34.683871;22.548387;55.685484;
83179;30/11/2009;0000;22.8;34.996667;21.62;49.433333;
83179;31/12/2009;0000;143.5;32.883871;21.9;68.274194;
83179;31/01/2010;0000;41.4;33.996774;21.587097;59.66129;
83179;28/02/2010;0000;36.9;35.046429;22.785714;54.9375;
83179;31/03/2010;0000;208;33.551613;21.93871;64.491935;
83179;30/04/2010;0000;126.5;32.853333;21.5;64.491667;
83179;31/05/2010;0000;3;34.245161;20.245161;53.887097;
83179;30/06/2010;0000;0;33.35;20.58;53.558333;
83179;31/07/2010;0000;1.6;32.396774;18.054839;49.387097;
83179;31/08/2010;0000;0;32.887097;17.148387;45.008065;
83179;30/09/2010;0000;0;34.463333;20.086667;41.325;
83179;31/10/2010;0000;66.1;36.074194;22.906452;46.072581;
83179;30/11/2010;0000;43.4;34.853333;22.433333;54.316667;
83179;31/12/2010;0000;181.5;33.13871;21.154839;63.209677;
83179;31/01/2011;0000;133.3;32.458065;21.419355;64.306452;
83179;28/02/2011;0000;158.2;33.442857;22.046429;64.625;
83179;31/03/2011;0000;281.5;31.216129;21.767742;72.104839;
83179;30/04/2011;0000;53.1;32.036667;21.176667;65.3;
83179;31/05/2011;0000;0;32.33871;19.487097;57;
83179;30/06/2011;0000;0;33.163333;17.286667;53.441667;
83179;31/07/2011;0000;0;31.945161;15.948387;50.975806;
83179;31/08/2011;0000;0.5;33.951613;18.090323;45.645161;
83179;30/09/2011;0000;0;34.273333;18.773333;41.008333;
83179;31/10/2011;0000;32.1;34.806452;22.332258;51.362903;
83179;30/11/2011;0000;34.3;32.903333;21.686667;58.958333;
83179;31/12/2011;0000;88.5;34.177419;21.477419;58.209677;
83179;31/01/2012;0000;36.6;34.125806;22.622581;53.403226;
83179;29/02/2012;0000;30.7;33.87931;22.075862;58.267241;
83179;31/03/2012;0000;69.9;35.729032;22.635484;51.822581;
83179;30/04/2012;0000;0.3;35.746667;21.863333;46.425;
83179;31/05/2012;0000;4;34.319355;20.951613;51.282258;
83179;30/06/2012;0000;0;33.796667;19.126667;51.2;
83179;31/07/2012;0000;0;32.822581;17.325806;;
83179;31/08/2012;0000;0;32.406452;17.329032;;
83179;30/09/2012;0000;0;35.276667;20.076667;;
83179;31/10/2012;0000;0;36.406452;22.477419;;
83179;30/11/2012;0000;119.5;32.78;22.663333;;
83179;31/12/2012;0000;27.8;35.56129;22.012903;;
83179;31/01/2013;0000;133.8;33.625806;22.796774;;
83179;28/02/2013;0000;1.2;36.242857;23.010714;;
83179;31/03/2013;0000;0;;;;
83179;30/04/2013;0000;86.8;33.69;22.583333;;
83179;31/05/2013;0000;1.4;34.432258;21.358065;;
83179;30/06/2013;0000;0;33.76;19.906667;;
83179;31/07/2013;0000;0;33.14;18.274194;;
83179;31/08/2013;0000;0;33.954839;18.751613;;
83179;30/09/2013;0000;0;35.28;21.586667;;
83179;31/10/2013;0000;23;35.819355;23.177419;;
83179;30/11/2013;0000;138.7;34.61;22.87;;
83179;31/12/2013;0000;330.4;31.087097;21.745161;;
83179;31/01/2014;0000;30.6;33.719355;21.616129;;
83179;28/02/2014;0000;53.2;33.078571;21.667857;;
83179;31/03/2014;0000;0;;;;
83179;30/04/2014;0000;97.3;32.716667;21.226667;;
83179;31/05/2014;0000;23;32.790323;19.84;;
83179;30/06/2014;0000;0;32.816667;17.766667;;
83179;31/07/2014;0000;0;32.580645;18.1;;
83179;31/08/2014;0000;0;33.76129;18.066667;;
83179;30/09/2014;0000;0;35.516667;20.576667;;
83179;31/10/2014;0000;2.4;35.596774;22.129032;;
83179;30/11/2014;0000;86.7;34.546667;22.673333;;
83179;31/12/2014;0000;122.3;33.283333;21.721429;;
83179;31/01/2015;0000;11.1;35.716129;22.093103;;
83179;28/02/2015;0000;66;33.646429;22.1;;
83179;31/03/2015;0000;0;;;;
83179;30/04/2015;0000;78.6;34.43;22.75;;
83179;31/05/2015;0000;19.6;33.625806;20.732258;;
83179;30/06/2015;0000;0;33.136667;19.151724;;
83179;31/07/2015;0000;0;33.158065;18.764516;;
83179;31/08/2015;0000;0;33.712903;18.725806;;
83179;30/09/2015;0000;0;36.6;21.123333;;
83179;31/10/2015;0000;21.1;37.445161;23.119355;;
83179;30/11/2015;0000;93;37.333333;24.04;;
83179;31/12/2015;0000;3.3;37.406452;23.854839;;
