--------------------
BDMEP - INMET
--------------------
Estação           : BELEM - PA (OMM: 82191)
Latitude  (graus) : -1.43
Longitude (graus) : -48.43
Altitude  (metros): 10.00
Estação Operante
Inicio de operação: 01/11/1923
Periodo solicitado dos dados: 01/01/2000 a 01/01/2016
Os dados listados abaixo são os que encontram-se digitados no BDMEP
Hora em UTC
--------------------
Obs.: Os dados aparecem separados por ; (ponto e vírgula) no formato txt.
      Para o formato planilha XLS, siga as instruções
--------------------
Estacao;Data;Hora;PrecipitacaoTotal;TempMaximaMedia;TempMinimaMedia;UmidadeRelativaMedia;
82191;31/01/2000;0000;411.9;31.816129;22.883871;88.314516;
82191;29/02/2000;0000;435.6;30.67931;22.82069;89.922414;
82191;31/03/2000;0000;440.3;31.035484;22.922581;91.403226;
82191;30/04/2000;0000;507.7;31.286667;23.15;90.008333;
82191;31/05/2000;0000;358.6;31.851613;23.132258;87.112903;
82191;30/06/2000;0000;114.8;31.873333;22.686667;83.9;
82191;31/07/2000;0000;219.3;32.035484;22.474194;84.370968;
82191;31/08/2000;0000;141.9;32.535484;22.377419;82.362903;
82191;30/09/2000;0000;146.5;32.49;22.426667;83.441667;
82191;31/10/2000;0000;160.3;32.587097;22.435484;81.903226;
82191;30/11/2000;0000;83.6;33.2;22.606667;78.375;
82191;31/12/2000;0000;331.6;31.9;22.425806;86.653226;
82191;31/01/2001;0000;395.8;30.887097;22.467742;91.403226;
82191;28/02/2001;0000;346.9;30.353571;22.389286;91.491071;
82191;31/03/2001;0000;484.7;30.774194;22.732258;91.427419;
82191;30/04/2001;0000;422.6;31.27;23.12;90.125;
82191;31/05/2001;0000;298.9;32.648387;23.016129;86.120968;
82191;30/06/2001;0000;301.2;32.27;22.483333;84.016667;
82191;31/07/2001;0000;337;32.43871;22.341935;81.379032;
82191;31/08/2001;0000;62;32.725806;22.412903;78.717742;
82191;30/09/2001;0000;145.9;32.996667;22.5;79.066667;
82191;31/10/2001;0000;187;33.38;22.383871;78.072581;
82191;30/11/2001;0000;104.7;33.282143;22.806667;77.851852;
82191;31/12/2001;0000;217.5;33.509677;23.251613;77.983871;
82191;31/01/2002;0000;446.1;31.648387;22.903226;87.112903;
82191;28/02/2002;0000;232.5;31.610714;23.235714;87.694444;
82191;31/03/2002;0000;393.1;31.577419;23.141935;87.540323;
82191;30/04/2002;0000;415.1;31.393333;23.25;87.233333;
82191;31/05/2002;0000;196.8;32.25;23.246667;85.508065;
82191;30/06/2002;0000;254.4;32.166667;22.716667;83.466667;
82191;31/07/2002;0000;173.9;32.277419;22.493548;80.895161;
82191;31/08/2002;0000;75.5;33.012903;22.603226;78.645161;
82191;30/09/2002;0000;95.4;33.373333;22.296667;76.35;
82191;31/10/2002;0000;119.7;32.687097;22.129032;77.717742;
82191;30/11/2002;0000;176.3;32.856667;22.393333;80;
82191;31/12/2002;0000;277.2;32.180645;23.177419;84.677419;
82191;31/01/2003;0000;181.6;31.996774;23.016129;84.935484;
82191;28/02/2003;0000;453.6;31.089286;22.9;89.169643;
82191;31/03/2003;0000;476.7;31.023333;23.086667;87.854839;
82191;30/04/2003;0000;359.9;32.01;23.323333;86.883333;
82191;31/05/2003;0000;220.9;32.648387;23.145161;83.991935;
82191;30/06/2003;0000;123.3;32.883333;23.04;80.208333;
82191;31/07/2003;0000;101.7;32.787097;22.593548;78.120968;
82191;31/08/2003;0000;105.5;33.341935;22.712903;78.33871;
82191;30/09/2003;0000;171.7;33.273333;22.576667;79.691667;
82191;31/10/2003;0000;143.2;33.03871;22.754839;77.620968;
82191;30/11/2003;0000;137.2;33.446667;22.99;77.8;
82191;31/12/2003;0000;294.1;32.693548;22.680645;83.137097;
82191;31/01/2004;0000;373.8;31.416129;23.380645;85.08871;
82191;29/02/2004;0000;487;30.406897;22.7;90.405172;
82191;31/03/2004;0000;510.5;30.9;23.141935;89.645161;
82191;30/04/2004;0000;393.6;32.436667;23.2;86.391667;
82191;31/05/2004;0000;121;33.106452;23.435484;81.653226;
82191;30/06/2004;0000;180.1;32.26;22.403333;80.808333;
82191;31/07/2004;0000;146;32.078571;22.435714;82.490741;
82191;31/08/2004;0000;132.3;32.753333;22.423333;81.483333;
82191;30/09/2004;0000;131.5;33.236667;22.713333;80.733333;
82191;31/10/2004;0000;146.6;33.251613;22.483871;79.233871;
82191;30/11/2004;0000;95.3;33.336667;22.466667;78.05;
82191;31/12/2004;0000;222.5;32.996774;22.783333;81.645161;
82191;31/01/2005;0000;249.8;32.774194;23.172414;83.612069;
82191;28/02/2005;0000;363.9;32.403571;23.357143;88.160714;
82191;31/03/2005;0000;413.7;32.216129;23.419355;87.854839;
82191;30/04/2005;0000;565.1;32.28;23.189655;87.068966;
82191;31/05/2005;0000;449.2;32.374194;23.219355;86.548387;
82191;30/06/2005;0000;257.8;33.006667;23.076667;80.283333;
82191;31/07/2005;0000;177.8;33.393548;22.693333;79.879032;
82191;31/08/2005;0000;103;33.987097;22.862069;77.104839;
82191;30/09/2005;0000;141.6;33.826667;22.45;77.175;
82191;31/10/2005;0000;242.1;33.719355;22.73871;76.790323;
82191;30/11/2005;0000;105;33.716667;22.966667;78.458333;
82191;31/12/2005;0000;459.5;32.516129;23.016129;85.798387;
82191;31/01/2006;0000;387.8;32.377419;23.1;86.008065;
82191;28/02/2006;0000;275.1;31.921429;23.089286;85.669643;
82191;31/03/2006;0000;685.6;31.764516;23.009677;88.048387;
82191;30/04/2006;0000;495.7;31.67;23.216667;87.975;
82191;31/05/2006;0000;325.6;31.683871;23.293548;86.225806;
82191;30/06/2006;0000;121;32.116667;23.32;80.341667;
82191;31/07/2006;0000;106.7;32.606452;23.151613;79.032258;
82191;31/08/2006;0000;236.1;32.864516;22.996774;79.185484;
82191;30/09/2006;0000;155.9;33.2;23.253333;76.8;
82191;31/10/2006;0000;113.6;33.212903;23.032258;76.524194;
82191;30/11/2006;0000;240.9;32.666667;23.21;81.325;
82191;31/12/2006;0000;519.8;32.003226;22.96129;84.435484;
82191;31/01/2007;0000;306.9;32.016129;23.564516;85.774194;
82191;28/02/2007;0000;442.9;29.746429;23.096429;89.098214;
82191;31/03/2007;0000;419.8;30.290323;23.103226;90.040323;
82191;30/04/2007;0000;459.7;30.786667;23.326667;88.975;
82191;31/05/2007;0000;265.9;31.8;23.454839;86.08871;
82191;30/06/2007;0000;219.9;31.95;22.96;82.708333;
82191;31/07/2007;0000;196.4;31.977419;22.970968;82.395161;
82191;31/08/2007;0000;135.3;32.190323;23.064516;79.475806;
82191;30/09/2007;0000;96.9;32.686667;22.97;79.141667;
82191;31/10/2007;0000;168.9;32.16129;22.725806;81.040323;
82191;30/11/2007;0000;119.1;32.306667;23.096667;79.6;
82191;31/12/2007;0000;454.5;31.583871;23.009677;86.822581;
82191;31/01/2008;0000;532.2;29.754839;22.648387;91.701613;
82191;29/02/2008;0000;450.8;30.268966;22.7;89.991379;
82191;31/03/2008;0000;457.4;29.970968;23.083871;88.403226;
82191;30/04/2008;0000;505.1;30.503333;23.063333;88.933333;
82191;31/05/2008;0000;308.1;31.519355;23.366667;85.846774;
82191;30/06/2008;0000;299;31.493333;23.143333;83.975;
82191;31/07/2008;0000;108.9;32.63871;23.093548;78.806452;
82191;31/08/2008;0000;151.5;33.46129;23.280645;78.153226;
82191;30/09/2008;0000;109.6;33.406667;23.186667;78.15;
82191;31/10/2008;0000;110.6;33.429032;23.196774;76.209677;
82191;30/11/2008;0000;135.2;33.25;23.29;77.533333;
82191;31/12/2008;0000;171.2;32.651613;23.590323;81.677419;
82191;31/01/2009;0000;354.5;31.287097;23.064516;88.16129;
82191;28/02/2009;0000;422;29.967857;22.85;91.883929;
82191;31/03/2009;0000;582.3;30.23871;23.083871;91.403226;
82191;30/04/2009;0000;469.9;30.21;23.206667;89.983333;
82191;31/05/2009;0000;456.6;30.112903;23.080645;91.129032;
82191;30/06/2009;0000;317.3;31.56;23.246667;85.216667;
82191;31/07/2009;0000;193.1;32.722581;23.122581;79.83871;
82191;31/08/2009;0000;92.7;33.8;23.425806;77.048387;
82191;30/09/2009;0000;134.1;33.656667;23.106667;77.066667;
82191;31/10/2009;0000;142.3;33.674194;22.912903;77.129032;
82191;30/11/2009;0000;45.1;34.083333;23.253333;75.058333;
82191;31/12/2009;0000;253.7;32.474194;23.632258;83.774194;
82191;31/01/2010;0000;452.3;31.177419;23.16129;88.064516;
82191;28/02/2010;0000;359.7;31.925;23.764286;87.883929;
82191;31/03/2010;0000;296.8;32.896774;24.187097;86;
82191;30/04/2010;0000;450.4;31.556667;23.933333;90.558333;
82191;31/05/2010;0000;403;32.590323;24.148387;86.524194;
82191;30/06/2010;0000;176.3;32.706667;23.77;81.916667;
82191;31/07/2010;0000;132.1;32.974194;23.887097;80.483871;
82191;31/08/2010;0000;188.1;33.464516;24.148387;79.096774;
82191;30/09/2010;0000;95.5;33.623333;24.196667;77.633333;
82191;31/10/2010;0000;152.1;33.245161;23.648387;80.104839;
82191;30/11/2010;0000;134.2;33.793333;23.98;80.433333;
82191;31/12/2010;0000;224.8;32.935484;23.777419;85.572581;
82191;31/01/2011;0000;520.3;31.293548;22.993548;90.201613;
82191;28/02/2011;0000;332.4;31.028571;23.175;90.794643;
82191;31/03/2011;0000;490.9;31.445161;23.23;90.080645;
82191;30/04/2011;0000;579.4;31.783333;23.526667;89.333333;
82191;31/05/2011;0000;477.3;33.522581;24.32;85;
82191;30/06/2011;0000;241.5;33.1;23.4;83.091667;
82191;31/07/2011;0000;195.3;32.990323;23.206452;81.903226;
82191;31/08/2011;0000;179.4;33.880645;23.254839;80.822581;
82191;30/09/2011;0000;60.3;33.836667;23.966667;77.216667;
82191;31/10/2011;0000;139.1;33.348387;23.529032;78.862903;
82191;30/11/2011;0000;174.6;33.046667;23.736667;79.558333;
82191;31/12/2011;0000;201.7;32.725806;23.270968;81.330645;
82191;31/01/2012;0000;451.2;31.370968;23.025806;88.266129;
82191;29/02/2012;0000;411.9;30.386207;22.741379;90.241379;
82191;31/03/2012;0000;742.5;30.9;22.867742;91.137097;
82191;30/04/2012;0000;382.8;32.016667;23.16;87.716667;
82191;31/05/2012;0000;225.1;32.522581;22.448387;84;
82191;30/06/2012;0000;320;32.343333;22.08;84.675;
82191;31/07/2012;0000;313.2;32.435484;22.345161;82.733333;
82191;31/08/2012;0000;112.2;32.654839;22.248387;80.16129;
82191;30/09/2012;0000;197;32.903333;22.136667;80.216667;
82191;31/10/2012;0000;44.3;33.125806;23.090323;76.91129;
82191;30/11/2012;0000;103;33.34;22.983333;77.35;
82191;31/12/2012;0000;259.8;33.06129;23.032258;83.158333;
82191;31/01/2013;0000;372.7;32.387097;23.290323;85.919355;
82191;28/02/2013;0000;612.5;31.871429;23.167857;86.866071;
82191;31/03/2013;0000;532.3;31.841935;23.425806;87.782258;
82191;30/04/2013;0000;527;32.696667;23.126667;87.008333;
82191;31/05/2013;0000;409.6;33.016129;22.76129;83.790323;
82191;30/06/2013;0000;150.5;33.4;22.626667;80.591667;
82191;31/07/2013;0000;220.8;32.667742;22;80.870968;
82191;31/08/2013;0000;245.5;33.274194;23.064516;80.330645;
82191;30/09/2013;0000;110.4;33.323333;23.116667;80.125;
82191;31/10/2013;0000;83.9;33.193548;23.232258;78.467742;
82191;30/11/2013;0000;210.7;32.776667;23.386667;81.133333;
82191;31/12/2013;0000;299.7;32.645161;23.319355;82.33871;
82191;31/01/2014;0000;406.9;31.612903;23.206452;84.58871;
82191;28/02/2014;0000;602.9;30.996429;23.582143;89.821429;
82191;31/03/2014;0000;562.7;31.267742;23.687097;88.782258;
82191;30/04/2014;0000;561.2;31.636667;23.55;88.208333;
82191;31/05/2014;0000;332.9;31.846667;23.316129;86.83871;
82191;30/06/2014;0000;285.8;32.56;23.14;83.958333;
82191;31/07/2014;0000;240;32.56129;22.793548;82.080645;
82191;31/08/2014;0000;84.8;32.964516;22.841935;79.419355;
82191;30/09/2014;0000;211.2;33.036667;22.426667;78.466667;
82191;31/10/2014;0000;82.2;33.222581;22.580645;78.508065;
82191;30/11/2014;0000;41.3;34.623333;22.576667;73.733333;
82191;31/12/2014;0000;186.5;34.086667;22.183871;77.903226;
82191;31/01/2015;0000;503.2;32.664516;22.035484;85.895161;
82191;28/02/2015;0000;414.3;32.307143;22.103571;87.017857;
82191;31/03/2015;0000;540.3;31.787097;22.622581;88.637097;
82191;30/04/2015;0000;604.9;31.843333;23.813333;88.033333;
82191;31/05/2015;0000;413.7;32.735484;23.683871;84.870968;
82191;30/06/2015;0000;216.2;33;23.47;81.416667;
82191;31/07/2015;0000;172.4;32.816129;23.43871;81.814516;
82191;31/08/2015;0000;100.6;33.458065;23.706452;78.120968;
82191;30/09/2015;0000;96.7;33.873333;23.446667;76.308333;
82191;31/10/2015;0000;26.4;34.48;23.851613;73.943548;
82191;30/11/2015;0000;98.3;34.223333;23.55;73.575;
82191;31/12/2015;0000;258.2;33.096774;23.632258;81.782258;
