--------------------
BDMEP - INMET
--------------------
Estação           : BELO HORIZONTE - MG (OMM: 83587)
Latitude  (graus) : -19.93
Longitude (graus) : -43.93
Altitude  (metros): 915.00
Estação Operante
Inicio de operação: 03/03/1910
Periodo solicitado dos dados: 01/01/2000 a 01/01/2016
Os dados listados abaixo são os que encontram-se digitados no BDMEP
Hora em UTC
--------------------
Obs.: Os dados aparecem separados por ; (ponto e vírgula) no formato txt.
      Para o formato planilha XLS, siga as instruções
--------------------
Estacao;Data;Hora;PrecipitacaoTotal;TempMaximaMedia;TempMinimaMedia;UmidadeRelativaMedia;
83587;31/01/2000;0000;469.5;27.980645;19.958065;73.048387;
83587;29/02/2000;0000;194;28.172414;19.72069;69.293103;
83587;31/03/2000;0000;131.4;27.393548;19.645161;71.395161;
83587;30/04/2000;0000;55.1;26.716667;17.996667;66.258333;
83587;31/05/2000;0000;1.5;25.448387;16.012903;59.991935;
83587;30/06/2000;0000;0;24.753333;15.036667;57.258621;
83587;31/07/2000;0000;2.8;23.76129;14.564516;60.846774;
83587;31/08/2000;0000;18.5;26.1;15.616129;55.516129;
83587;30/09/2000;0000;49.4;24.726667;16.696667;66.141667;
83587;31/10/2000;0000;69.8;30.322581;19.874194;53.814516;
83587;30/11/2000;0000;268;26.023333;18.47;73.391667;
83587;31/12/2000;0000;316.4;28.63871;19.954839;70.282258;
83587;31/01/2001;0000;165.9;28.680645;19.867742;66.677419;
83587;28/02/2001;0000;64.7;30.735714;21.439286;57.633929;
83587;31/03/2001;0000;138.9;29.129032;20.425806;64.330645;
83587;30/04/2001;0000;19.2;28.596667;19.55;58.566667;
83587;31/05/2001;0000;46.9;26.164516;17.106452;60.919355;
83587;30/06/2001;0000;0;24.88;16.18;61.558333;
83587;31/07/2001;0000;10.9;25.409677;15.493548;58.225806;
83587;31/08/2001;0000;42.5;24.7;15.903226;56.058333;
83587;30/09/2001;0000;56.5;26.04;17.063333;60.533333;
83587;31/10/2001;0000;162.4;26.735484;17.848387;63.395161;
83587;30/11/2001;0000;329.9;27.56;19.293333;72.541667;
83587;31/12/2001;0000;421.4;26.612903;19.287097;72.830645;
83587;31/01/2002;0000;285.5;28.56129;19.96129;70.653226;
83587;28/02/2002;0000;303.7;27.132143;19.442857;76.580357;
83587;31/03/2002;0000;72;28.877419;20.003226;66.314516;
83587;30/04/2002;0000;53.1;28.703333;19.363333;61.65;
83587;31/05/2002;0000;13.4;26.625806;17.825806;62.637097;
83587;30/06/2002;0000;0;25.68;16.533333;64.475;
83587;31/07/2002;0000;5;24.535484;15.722581;66.403226;
83587;31/08/2002;0000;2;27.146667;17.416129;56.175;
83587;30/09/2002;0000;80.5;26.53;16.816667;61.241667;
83587;31/10/2002;0000;32.5;30.962069;19.889655;54.16129;
83587;30/11/2002;0000;245.5;28.81;19.283333;68.016667;
83587;31/12/2002;0000;395.3;28.648387;20.1;75.104839;
83587;31/01/2003;0000;781.6;27.983871;19.725806;79;
83587;28/02/2003;0000;182.9;30.132143;20.578571;60.517857;
83587;31/03/2003;0000;178.7;28.341935;19.935484;69.330645;
83587;30/04/2003;0000;26.2;27.826667;18.93;63.55;
83587;31/05/2003;0000;20.2;25.454839;15.977419;60.16129;
83587;30/06/2003;0000;0;26.6;16.363333;56.191667;
83587;31/07/2003;0000;0;24.86129;14.977419;55.217742;
83587;31/08/2003;0000;10.4;26.303226;16.074194;57.564516;
83587;30/09/2003;0000;12.1;27.71;17.703333;55.658333;
83587;31/10/2003;0000;22;28.903226;18.303226;53.072581;
83587;30/11/2003;0000;212.1;28.593333;18.91;65.791667;
83587;31/12/2003;0000;277.3;29.070968;19.903226;67.814516;
83587;31/01/2004;0000;502.9;27.012903;19.467742;81.016129;
83587;29/02/2004;0000;363.9;26.837931;18.77931;82.293103;
83587;31/03/2004;0000;105.6;27.76129;18.719355;75.290323;
83587;30/04/2004;0000;184.9;26.553333;18.51;70.066667;
83587;31/05/2004;0000;20.5;25.880645;17.1;66.943548;
83587;30/06/2004;0000;17.7;23.836667;15.223333;65.433333;
83587;31/07/2004;0000;40;22.619355;14.235484;62.725806;
83587;31/08/2004;0000;0;26.193548;15.419355;52.104839;
83587;30/09/2004;0000;0;29.089655;18.089655;46.441667;
83587;31/10/2004;0000;44.3;28.63871;18.751613;59.346774;
83587;30/11/2004;0000;157.2;28.72;19.306667;63.2;
83587;31/12/2004;0000;499.8;27.767742;19.132258;74.08871;
83587;31/01/2005;0000;241;28.390323;20.054839;73.16129;
83587;28/02/2005;0000;158.3;28.946429;19.332143;67.892857;
83587;31/03/2005;0000;253.7;28.145161;19.841935;77.870968;
83587;30/04/2005;0000;38.6;28.246667;19.696667;74.091667;
83587;31/05/2005;0000;36;25.396774;17.067742;68.685484;
83587;30/06/2005;0000;23.3;24.066667;16.11;65.85;
83587;31/07/2005;0000;6.5;24.209677;15.312903;59.467742;
83587;31/08/2005;0000;4.9;26.522581;17.064516;53.814516;
83587;30/09/2005;0000;127.2;27;17.796667;63.65;
83587;31/10/2005;0000;42.9;30.109677;20.651613;51.669355;
83587;30/11/2005;0000;292.7;25.343333;18.673333;75.175;
83587;31/12/2005;0000;393;26.73871;18.812903;69.991935;
83587;31/01/2006;0000;144.2;29.467742;20.612903;58.677419;
83587;28/02/2006;0000;132.6;30.010714;21.496429;62.633929;
83587;31/03/2006;0000;265;28.212903;20.241935;72.959677;
83587;30/04/2006;0000;54.8;27.24;18.92;67.35;
83587;31/05/2006;0000;45.7;25.7;16.048387;60.467742;
83587;30/06/2006;0000;5.8;23.163333;14.553333;61.841667;
83587;31/07/2006;0000;3.2;25.345161;14.483871;52;
83587;31/08/2006;0000;21.6;26.987097;16.983871;54.532258;
83587;30/09/2006;0000;89.2;26.95;16.783333;58.541667;
83587;31/10/2006;0000;123.4;26.687097;18.974194;67.524194;
83587;30/11/2006;0000;343.6;26.77;18.973333;73.258333;
83587;31/12/2006;0000;338.8;27.390323;20.022581;73.387097;
83587;31/01/2007;0000;350.9;27.790323;20.3;77.330645;
83587;28/02/2007;0000;171.3;27.996429;20.185714;67.535714;
83587;31/03/2007;0000;79.8;29.929032;20.645161;56.274194;
83587;30/04/2007;0000;98;27.83;19.57;64.866667;
83587;31/05/2007;0000;7;26.029032;16.580645;60.048387;
83587;30/06/2007;0000;0;26.12;15.723333;59.133333;
83587;31/07/2007;0000;5.9;25.851613;15.683871;53.879032;
83587;31/08/2007;0000;0;26.225806;15.93871;48.604839;
83587;30/09/2007;0000;1.7;28.266667;17.356667;49.475;
83587;31/10/2007;0000;104;30.306452;19.232258;50.814516;
83587;30/11/2007;0000;132.4;28.756667;19.71;60.558333;
83587;31/12/2007;0000;212.2;29.233333;20.006667;63.458333;
83587;31/01/2008;0000;305.5;27.216667;19.553333;70.425;
83587;29/02/2008;0000;208.6;28.772414;20.358621;66.637931;
83587;31/03/2008;0000;346.5;28.248387;19.529032;68.766129;
83587;30/04/2008;0000;144;28.346667;19.75;64.291667;
83587;31/05/2008;0000;0.5;25.829032;16.651613;58.201613;
83587;30/06/2008;0000;2.1;25.596667;16.183333;59.508333;
83587;31/07/2008;0000;0;25.254839;14.532258;50.693548;
83587;31/08/2008;0000;47.1;27.235484;16.880645;51.548387;
83587;30/09/2008;0000;99.7;27.573333;16.973333;53.4;
83587;31/10/2008;0000;53.2;29.56129;19.980645;55.233871;
83587;30/11/2008;0000;216.2;27.18;19.206897;67.810345;
83587;31/12/2008;0000;601.3;26.983871;19.270968;74.491935;
83587;31/01/2009;0000;313.4;28.619355;20;70.540323;
83587;28/02/2009;0000;215.8;29.15;20.167857;67.607143;
83587;31/03/2009;0000;273.2;29.264516;20.696774;67.967742;
83587;30/04/2009;0000;41.6;27.223333;18.83;64.591667;
83587;31/05/2009;0000;20.4;26.077419;16.896774;63.483871;
83587;30/06/2009;0000;38.6;24.993333;15.356667;61.5;
83587;31/07/2009;0000;0.2;26.619355;16.354839;58.91129;
83587;31/08/2009;0000;23.1;25.912903;16.303226;56.33871;
83587;30/09/2009;0000;103.1;29.136667;18.98;57.341667;
83587;31/10/2009;0000;344.3;28.112903;18.851613;69;
83587;30/11/2009;0000;213.7;29.79;20.186667;62.916667;
83587;31/12/2009;0000;564.1;26.946667;19.143333;76.741667;
83587;31/01/2010;0000;291.5;29.783871;20.270968;62.306452;
83587;28/02/2010;0000;71;30.353571;20.914286;57.544643;
83587;31/03/2010;0000;247.9;28.793548;20.406452;68.008065;
83587;30/04/2010;0000;85.1;27.413333;18.586667;61.858333;
83587;31/05/2010;0000;26.8;25.906452;16.622581;61.870968;
83587;30/06/2010;0000;0.8;24.113333;13.873333;59.133333;
83587;31/07/2010;0000;0;24.893548;15.774194;57.66129;
83587;31/08/2010;0000;0;26.719355;14.622581;45.830645;
83587;30/09/2010;0000;71;27.77;16.683333;52.6;
83587;31/10/2010;0000;216.6;28.448387;17.870968;64.701613;
83587;30/11/2010;0000;396.6;26.633333;18.296667;72.6;
83587;31/12/2010;0000;293.2;29.209677;20.025806;69.983871;
83587;31/01/2011;0000;317.9;28.503226;19.603226;67.596774;
83587;28/02/2011;0000;66.6;30.660714;20.517857;55.758929;
83587;31/03/2011;0000;334.5;27.490323;19.477419;71.806452;
83587;30/04/2011;0000;98.7;27.506667;19.027586;65.333333;
83587;31/05/2011;0000;5;25.664516;16.780645;61.887097;
83587;30/06/2011;0000;14.6;24.906667;15.15;60.983333;
83587;31/07/2011;0000;0;25.509677;14.929032;55.564516;
83587;31/08/2011;0000;0;28.541935;16.893548;48.653226;
83587;30/09/2011;0000;1.4;27.953333;16.45;47.85;
83587;31/10/2011;0000;178.8;26.519355;17.412903;67.362903;
83587;30/11/2011;0000;288.7;26.186667;17.09;68.108333;
83587;31/12/2011;0000;720;26.432258;18.248387;77.629032;
83587;31/01/2012;0000;407.5;27.287097;18.7;69.645161;
83587;29/02/2012;0000;34.3;28.872414;19.944828;58.051724;
83587;31/03/2012;0000;196.4;28.248387;19.435484;64.596774;
83587;30/04/2012;0000;111.3;27.693333;19.103333;65.741667;
83587;31/05/2012;0000;61.1;24.319355;16.151613;67.782258;
83587;30/06/2012;0000;17;25.726667;16.87;64.7;
83587;31/07/2012;0000;0;25.348387;15.348387;54.330645;
83587;31/08/2012;0000;0;24.496774;15.229032;55.491935;
83587;30/09/2012;0000;22.8;28.883333;17.356667;49.316667;
83587;31/10/2012;0000;32.1;29.725806;18.967742;50.903226;
83587;30/11/2012;0000;310;27.626667;18.72;69.641667;
83587;31/12/2012;0000;143;30.458065;21.151613;60.395161;
83587;31/01/2013;0000;426.8;27.732258;19.680645;71.120968;
83587;28/02/2013;0000;75.4;29.560714;20.139286;59.035714;
83587;31/03/2013;0000;127.9;28.096774;19.790323;68.887097;
83587;30/04/2013;0000;99.4;26.113333;17.233333;67.133333;
83587;31/05/2013;0000;46.7;25.635484;16.245161;63.080645;
83587;30/06/2013;0000;23.1;25.913333;16.2;64.966667;
83587;31/07/2013;0000;0;25.822581;15.629032;57.975806;
83587;31/08/2013;0000;0;26.590323;15.348387;50.991935;
83587;30/09/2013;0000;32.8;27.466667;16.653333;55.858333;
83587;31/10/2013;0000;137.7;26.751613;17.025806;64.701613;
83587;30/11/2013;0000;108.2;27.483333;18.09;65.991667;
83587;31/12/2013;0000;495;27.896774;19.387097;74.733871;
83587;31/01/2014;0000;103.9;30.403226;20.406452;56.572581;
83587;28/02/2014;0000;22.9;29.807143;20.403571;55.875;
83587;31/03/2014;0000;73.7;27.987097;19.490323;67.362903;
83587;30/04/2014;0000;235.8;27.626667;18.423333;68.625;
83587;31/05/2014;0000;18.5;26.086667;16.196774;62.41129;
83587;30/06/2014;0000;13.1;25.476667;15.463333;62.258333;
83587;31/07/2014;0000;48.1;23.870968;14.625806;62.895161;
83587;31/08/2014;0000;3.3;27.041935;14.777419;51.225806;
83587;30/09/2014;0000;1.8;28.973333;16.68;46.341667;
83587;31/10/2014;0000;69.4;29.26129;17.209677;48.895161;
83587;30/11/2014;0000;215.5;28.65;17.893333;64;
83587;31/12/2014;0000;138.1;28.874194;19.003226;60.709677;
83587;31/01/2015;0000;103.8;31.319355;21.354839;52.830645;
83587;28/02/2015;0000;263.8;28.878571;20.264286;66.330357;
83587;31/03/2015;0000;237.2;28.713333;20.258065;65.637097;
83587;30/04/2015;0000;78.7;27.303333;19.313333;66.816667;
83587;31/05/2015;0000;96.7;24.654839;16.819355;67.33871;
83587;30/06/2015;0000;5;24.513333;15.816667;62.483333;
83587;31/07/2015;0000;12.4;25.145161;16.009677;59.024194;
83587;31/08/2015;0000;0;26.690323;16.209677;52.225806;
83587;30/09/2015;0000;43.5;30.433333;19.146667;49.641667;
83587;31/10/2015;0000;67.5;32.206452;20.048387;47.701613;
83587;30/11/2015;0000;184.3;30.623333;20.396667;59.941667;
83587;31/12/2015;0000;152.3;30.025806;19.635484;62.669355;
