--------------------
BDMEP - INMET
--------------------
Estação           : BRASILIA - DF (OMM: 83377)
Latitude  (graus) : -15.78
Longitude (graus) : -47.92
Altitude  (metros): 1159.54
Estação Operante
Inicio de operação: 12/09/1961
Periodo solicitado dos dados: 01/01/2000 a 01/01/2016
Os dados listados abaixo são os que encontram-se digitados no BDMEP
Hora em UTC
--------------------
Obs.: Os dados aparecem separados por ; (ponto e vírgula) no formato txt.
      Para o formato planilha XLS, siga as instruções
--------------------
Estacao;Data;Hora;PrecipitacaoTotal;TempMaximaMedia;TempMinimaMedia;UmidadeRelativaMedia;
83377;31/01/2000;0000;130;26.545161;18.151613;76.290323;
83377;29/02/2000;0000;168.3;26.672414;17.810345;75.637931;
83377;31/03/2000;0000;229.6;26.006452;18.067742;78.016129;
83377;30/04/2000;0000;98.8;26.476667;16.99;69.233333;
83377;31/05/2000;0000;0;26.458065;15.016129;57.419355;
83377;30/06/2000;0000;0;25.68;13.54;52.366667;
83377;31/07/2000;0000;0.2;25.574194;13.596774;53.33871;
83377;31/08/2000;0000;56.3;27.716129;15.903226;43.524194;
83377;30/09/2000;0000;105.3;26.956667;17.016667;60.533333;
83377;31/10/2000;0000;201.8;29.23871;18.422581;52.709677;
83377;30/11/2000;0000;231.7;25.526667;17.693333;79.375;
83377;31/12/2000;0000;155.3;26.745161;18.354839;78.266129;
83377;31/01/2001;0000;179.4;26.970968;18.116129;67.782258;
83377;28/02/2001;0000;105.9;28.528571;18.125;66.0625;
83377;31/03/2001;0000;191.5;26.303333;17.716667;75.991667;
83377;30/04/2001;0000;145.4;27.176667;17.753333;63.163793;
83377;31/05/2001;0000;36.2;26.6;16.225806;63.870968;
83377;30/06/2001;0000;0;25.42;14.58;57.491667;
83377;31/07/2001;0000;14.6;25.832258;14.564516;50.125;
83377;31/08/2001;0000;38.5;25.422581;14.590323;48.733871;
83377;30/09/2001;0000;50.5;27.603333;17.17;53.691667;
83377;31/10/2001;0000;132.5;25.987097;17.280645;68.072581;
83377;30/11/2001;0000;199.6;25.816667;18.126667;78.008621;
83377;31/12/2001;0000;191.4;25.987097;18.254839;75.645161;
83377;31/01/2002;0000;208.3;26.43871;18.43871;75.935484;
83377;28/02/2002;0000;233;26.482143;18.128571;78.482143;
83377;31/03/2002;0000;133.8;27.309677;18.570968;68.201613;
83377;30/04/2002;0000;90.1;26.626667;17.796667;63.775;
83377;31/05/2002;0000;18.2;26.329032;16.267742;59.516129;
83377;30/06/2002;0000;0;24.886667;14.443333;55.866667;
83377;31/07/2002;0000;16.5;26.193548;14.935484;53.516129;
83377;31/08/2002;0000;17.8;27.293548;16.277419;41.145161;
83377;30/09/2002;0000;67.8;27.776667;17.013333;52.391667;
83377;31/10/2002;0000;57.5;30.519355;19.358065;44.975806;
83377;30/11/2002;0000;175.1;27.493333;18.523333;67.591667;
83377;31/12/2002;0000;371.4;27.116129;18.854839;73.75;
83377;31/01/2003;0000;229.4;26.790323;18.674194;78.620968;
83377;28/02/2003;0000;164.3;27.235714;18.460714;69.026786;
83377;31/03/2003;0000;208.2;26.064516;17.783871;78.862903;
83377;30/04/2003;0000;70.2;26.696667;17.976667;70.958333;
83377;31/05/2003;0000;8.7;25.335484;15.083871;65.040323;
83377;30/06/2003;0000;0;25.756667;14.083333;52.241667;
83377;31/07/2003;0000;0;25.23871;13.622581;48.5;
83377;31/08/2003;0000;62.4;27.267742;15.619355;50.306452;
83377;30/09/2003;0000;11.3;28.16;17.71;49.666667;
83377;31/10/2003;0000;64.8;28.135484;18.009677;55.846774;
83377;30/11/2003;0000;276.4;26.82;17.973333;73.783333;
83377;31/12/2003;0000;191.5;28.022581;18.819355;66.330645;
83377;31/01/2004;0000;344.4;25.454839;18.706452;85.177419;
83377;29/02/2004;0000;422.3;25.47931;17.975862;84.706897;
83377;31/03/2004;0000;266.8;25.980645;18.112903;79.322581;
83377;30/04/2004;0000;171.2;25.876667;17.62;76.875;
83377;31/05/2004;0000;11.6;25.735484;16.732258;70.991935;
83377;30/06/2004;0000;0;24.16;13.996667;59.941667;
83377;31/07/2004;0000;0.5;24.025806;13.46;56.693548;
83377;31/08/2004;0000;0;27.164516;14.693548;39.169355;
83377;30/09/2004;0000;0;29.823333;17.523333;29.975;
83377;31/10/2004;0000;172.3;28.909677;18.622581;59.846774;
83377;30/11/2004;0000;103.9;27.596667;18.45;70.375;
83377;31/12/2004;0000;126;26.929032;18.077419;76.741935;
83377;31/01/2005;0000;245.2;27.077419;18.448387;79.056452;
83377;28/02/2005;0000;264.7;27.732143;18.357143;74.607143;
83377;31/03/2005;0000;398.6;26.864516;18.012903;82.129032;
83377;30/04/2005;0000;28;27.146667;17.59;69.2;
83377;31/05/2005;0000;17;25.43871;14.806452;66.08871;
83377;30/06/2005;0000;5.4;24.67;15.21;63.391667;
83377;31/07/2005;0000;0.2;25.13871;13.958065;52.983871;
83377;31/08/2005;0000;39.1;27.380645;16.051613;44.435484;
83377;30/09/2005;0000;55.9;29.173333;18.58;51.216667;
83377;31/10/2005;0000;57.3;30.903226;19.729032;45.620968;
83377;30/11/2005;0000;226.5;26.546667;18.426667;79.591667;
83377;31/12/2005;0000;422.2;25.467742;17.809677;79.241935;
83377;31/01/2006;0000;123.1;27.487097;18.251613;67.645161;
83377;28/02/2006;0000;191.4;27.875;18.635714;75.625;
83377;31/03/2006;0000;257.9;26.629032;18.654839;79.717742;
83377;30/04/2006;0000;141.7;26.593333;17.906667;74.275;
83377;31/05/2006;0000;35.1;26.03871;15.416129;62.056452;
83377;30/06/2006;0000;0.9;24.446667;13.836667;58.8;
83377;31/07/2006;0000;0.1;25.687097;13.893548;50.346774;
83377;31/08/2006;0000;52.8;28.248387;16.745161;47.08871;
83377;30/09/2006;0000;40.3;28.193333;17.45;52.666667;
83377;31/10/2006;0000;526.4;26.532258;18.106452;80.782258;
83377;30/11/2006;0000;195.6;26.576667;18.04;75.508333;
83377;31/12/2006;0000;182.1;26.693548;18.625806;76.879032;
83377;31/01/2007;0000;269.6;26.932258;18.812903;77.395161;
83377;28/02/2007;0000;265.9;26.314286;18.292857;78.607143;
83377;31/03/2007;0000;35.7;28.043333;18.487097;61.403226;
83377;30/04/2007;0000;50.1;27.576667;18.073333;64.716667;
83377;31/05/2007;0000;7.5;26.883871;15.680645;56.298387;
83377;30/06/2007;0000;0;26.163333;14.663333;51.638889;
83377;31/07/2007;0000;0;26.732258;14.93871;49.395161;
83377;31/08/2007;0000;0;26.903226;14.816129;38.741935;
83377;30/09/2007;0000;0;29.563333;17.49;35.55;
83377;31/10/2007;0000;38.3;30.466667;19;47.451613;
83377;30/11/2007;0000;224.9;28.106667;18.506667;69.7;
83377;31/12/2007;0000;275;26.867742;18.122581;71.709677;
83377;31/01/2008;0000;201;26.458065;18.16129;74.943548;
83377;29/02/2008;0000;227.6;26.617241;18.141379;78.482759;
83377;31/03/2008;0000;234.6;26.196774;17.890323;78.725806;
83377;30/04/2008;0000;210.2;26.916667;17.933333;73.608333;
83377;31/05/2008;0000;0;25.877419;14.967742;58.629032;
83377;30/06/2008;0000;0;25.18;14.31;53.916667;
83377;31/07/2008;0000;0;24.980645;13.474194;43.33871;
83377;31/08/2008;0000;2.7;27.716129;15.596774;35.225806;
83377;30/09/2008;0000;79.9;29.923333;17.606667;42.016667;
83377;31/10/2008;0000;38.7;30.309677;18.790323;46.879032;
83377;30/11/2008;0000;271;27.233333;18.05;74.491667;
83377;31/12/2008;0000;323.4;25.919355;18.36129;80.870968;
83377;31/01/2009;0000;205;27.209677;18.619355;76.233871;
83377;28/02/2009;0000;134.8;27.403571;18.45;72.598214;
83377;31/03/2009;0000;81;27.93871;18.416129;73.153226;
83377;30/04/2009;0000;375.9;25.766667;17.693333;78.375;
83377;31/05/2009;0000;61.2;25.248387;15.870968;70.370968;
83377;30/06/2009;0000;9.3;24.99;14.22;64.35;
83377;31/07/2009;0000;0;26.633333;14.53871;48.991935;
83377;31/08/2009;0000;72.5;26.919355;15.764516;50.596774;
83377;30/09/2009;0000;50.5;28.306667;18.563333;59.983333;
83377;31/10/2009;0000;295.8;27.567742;18.03871;74.467742;
83377;30/11/2009;0000;199.1;27.74;18.646667;72.2;
83377;31/12/2009;0000;307.8;26.103226;18.167742;80.669355;
83377;31/01/2010;0000;121;27.574194;18.416129;71.572581;
83377;28/02/2010;0000;37.2;28.417857;18.95;66.714286;
83377;31/03/2010;0000;244.7;28.141935;18.845161;75.709677;
83377;30/04/2010;0000;238.8;27.103333;16.996667;65.433333;
83377;31/05/2010;0000;27.5;27.883871;15.767742;59.540323;
83377;30/06/2010;0000;0;26.116667;13.493333;54.583333;
83377;31/07/2010;0000;0;25.841935;14.4;49.879032;
83377;31/08/2010;0000;0;27.466667;14.173333;38.466667;
83377;30/09/2010;0000;0;30.173333;17.6;35.441667;
83377;31/10/2010;0000;189.9;29.235484;18.741935;66.991935;
83377;30/11/2010;0000;254.5;26.25;17.739286;78.883929;
83377;31/12/2010;0000;318;27.022581;18.383871;78.129032;
83377;31/01/2011;0000;126.8;26.606452;18.425806;74.298387;
83377;28/02/2011;0000;172.4;27.403846;17.992308;75.92;
83377;31/03/2011;0000;243.2;26.745161;18.303226;79.508065;
83377;30/04/2011;0000;69.5;26.876667;17.58;69.233333;
83377;31/05/2011;0000;13.9;25.829032;15.393548;61.653226;
83377;30/06/2011;0000;3.8;25.73;14.141379;58.758333;
83377;31/07/2011;0000;0;26.374194;13.751613;47.741935;
83377;31/08/2011;0000;0;29.132258;15.790323;36.709677;
83377;30/09/2011;0000;7;30.01;17;34.416667;
83377;31/10/2011;0000;263.9;26.216129;17.280645;77.322581;
83377;30/11/2011;0000;333.8;25.936667;17.213333;75.525;
83377;31/12/2011;0000;324.5;26.051613;17.987097;77.959677;
83377;31/01/2012;0000;269.9;25.383333;17.319355;80.290323;
83377;29/02/2012;0000;114.9;26.934483;17.57931;72.137931;
83377;31/03/2012;0000;196.9;27.609677;17.77;69.895161;
83377;30/04/2012;0000;121.3;27.833333;18.233333;69.733333;
83377;31/05/2012;0000;44.4;24.977419;15.548387;72.395161;
83377;30/06/2012;0000;2.4;26.166667;15.6;63.3;
83377;31/07/2012;0000;0.2;26.06129;14.141935;49.935484;
83377;31/08/2012;0000;0;26.122581;14.558065;45.225806;
83377;30/09/2012;0000;32.9;29.916667;18.166667;42.575;
83377;31/10/2012;0000;109.8;30.23871;18.545161;48.685484;
83377;30/11/2012;0000;444.6;26.593333;17.966667;80.641667;
83377;31/12/2012;0000;141.9;28.664516;18.093548;70.217742;
83377;31/01/2013;0000;491.8;26.083871;17.919355;80.032258;
83377;28/02/2013;0000;190.1;28.621429;18.160714;65.205357;
83377;31/03/2013;0000;190.3;27.745161;18.332258;75.709677;
83377;30/04/2013;0000;95.4;26.276667;17.223333;75.175;
83377;31/05/2013;0000;22.2;26.770968;15.387097;62.282258;
83377;30/06/2013;0000;6.2;25.643333;15.536667;65.55;
83377;31/07/2013;0000;0.3;26.480645;14.176667;53.701613;
83377;31/08/2013;0000;0;27.819355;14.693548;42.733871;
83377;30/09/2013;0000;65.9;29.193333;17.253333;50.133333;
83377;31/10/2013;0000;106.7;28.441935;17.612903;63.354839;
83377;30/11/2013;0000;278.8;27.293333;17.98;72.433333;
83377;31/12/2013;0000;353.6;26.722581;18.216129;80.572581;
83377;31/01/2014;0000;153;27.774194;17.845161;65.862903;
83377;28/02/2014;0000;139.2;27.114286;17.896429;69.705357;
83377;31/03/2014;0000;341.9;26.541935;17.812903;78.935484;
83377;30/04/2014;0000;249.3;26.96;17.86;75.916667;
83377;31/05/2014;0000;2.8;26.532258;15.290323;62.403226;
83377;30/06/2014;0000;9.9;25.38;14.456667;61.158333;
83377;31/07/2014;0000;7.9;25.219355;13.996774;55.887097;
83377;31/08/2014;0000;0;27.880645;14.96129;39.024194;
83377;30/09/2014;0000;16.2;30.19;18.256667;42.925;
83377;31/10/2014;0000;201.4;29.903226;18.441935;50.080645;
83377;30/11/2014;0000;192.1;27.266667;18.32;73.8;
83377;31/12/2014;0000;366.7;26.087097;17.883871;77.701613;
83377;31/01/2015;0000;93.9;29.158065;17.958065;60.072581;
83377;28/02/2015;0000;127;26.821429;18.125;69.848214;
83377;31/03/2015;0000;345.5;26.090323;17.916667;80.943548;
83377;30/04/2015;0000;206.8;26.853333;18.276667;80.883333;
83377;31/05/2015;0000;48.3;24.664516;16.016129;74.879032;
83377;30/06/2015;0000;0;25.324138;14.493333;62.956897;
83377;31/07/2015;0000;0.8;27.145161;14.812903;54.346774;
83377;31/08/2015;0000;0;28.880645;15.119355;42.741935;
83377;30/09/2015;0000;21.6;31.633333;18.241379;42.641667;
83377;31/10/2015;0000;69.4;33;19.566667;46.467742;
83377;30/11/2015;0000;167.8;30.644444;19.168966;65.983333;
83377;31/12/2015;0000;171.6;30.077419;18.977419;67.524194;
