--------------------
BDMEP - INMET
--------------------
Estação           : CAETITE - BA (OMM: 83339)
Latitude  (graus) : -14.06
Longitude (graus) : -42.48
Altitude  (metros): 882.47
Estação Operante
Inicio de operação: 01/01/1907
Periodo solicitado dos dados: 01/01/2000 a 01/01/2016
Os dados listados abaixo são os que encontram-se digitados no BDMEP
Hora em UTC
--------------------
Obs.: Os dados aparecem separados por ; (ponto e vírgula) no formato txt.
      Para o formato planilha XLS, siga as instruções
--------------------
Estacao;Data;Hora;PrecipitacaoTotal;TempMaximaMedia;TempMinimaMedia;UmidadeRelativaMedia;
83339;31/01/2000;0000;78.6;27.464516;;72.943548;
83339;29/02/2000;0000;18;28.751724;;67.37069;
83339;31/03/2000;0000;28.6;28.03871;;72.870968;
83339;30/04/2000;0000;66.9;27.496667;;68.775;
83339;31/05/2000;0000;3.7;27.335484;;61.258065;
83339;30/06/2000;0000;1.8;25.51;;63.791667;
83339;31/07/2000;0000;24.5;25.174194;;64.241935;
83339;31/08/2000;0000;1.2;27.316129;16.1125;56.225806;
83339;30/09/2000;0000;25.6;27.043333;16.583333;57.775;
83339;31/10/2000;0000;12;30.53871;17.909677;47.830645;
83339;30/11/2000;0000;138.8;27.793333;18.493333;68.266667;
83339;31/12/2000;0000;357.2;26.419355;18.967742;83.669355;
83339;31/01/2001;0000;47;27.109677;17.864516;71.274194;
83339;28/02/2001;0000;4.4;30.060714;19.135714;57.205357;
83339;31/03/2001;0000;84.5;28.180645;18.929032;71.056452;
83339;30/04/2001;0000;16.6;28.213333;18.293333;62.975;
83339;31/05/2001;0000;11.7;28.522581;18.151613;60.290323;
83339;30/06/2001;0000;14.8;25.3;16.09;63.183333;
83339;31/07/2001;0000;17.8;25.590323;15.348387;60.362903;
83339;31/08/2001;0000;13;25.064516;15.1;60.991935;
83339;30/09/2001;0000;11.3;28.233333;16.71;53.310345;
83339;31/10/2001;0000;96.4;28.019355;18.083871;60.806452;
83339;30/11/2001;0000;141.1;28.706667;18.93;68.325;
83339;31/12/2001;0000;141.1;27.896774;18.641935;67.967742;
83339;31/01/2002;0000;225.1;27.232258;18.793548;75.112903;
83339;28/02/2002;0000;105.2;28.035714;18.832143;70.083333;
83339;31/03/2002;0000;30.2;28.277419;18.548387;68.83871;
83339;30/04/2002;0000;23.4;28.236667;18.896667;65.466667;
83339;31/05/2002;0000;7.6;27.454839;16.774194;59.959677;
83339;30/06/2002;0000;19;24.92;16.33;64.675;
83339;31/07/2002;0000;9.8;25.954839;16.022581;60.653226;
83339;31/08/2002;0000;15.4;26.506452;15.822581;53.072581;
83339;30/09/2002;0000;57.2;27.703333;17.353333;58;
83339;31/10/2002;0000;6.5;29.916129;17.429032;44.282258;
83339;30/11/2002;0000;79.1;29.32;18.372414;57.583333;
83339;31/12/2002;0000;233;29.858065;19.080645;64.330645;
83339;31/01/2003;0000;87.9;28.4;19.286667;74.387097;
83339;28/02/2003;0000;9.6;29.460714;19.1;57.723214;
83339;31/03/2003;0000;115.5;29.825806;19.545161;60.887097;
83339;30/04/2003;0000;48.8;28.736667;19.133333;62;
83339;31/05/2003;0000;15.5;27.623333;17.690323;64.185484;
83339;30/06/2003;0000;5.4;25.903333;15.893333;60.9;
83339;31/07/2003;0000;10.2;25.112903;14.712903;61.120968;
83339;31/08/2003;0000;8.7;26.436667;15.932258;60.379032;
83339;30/09/2003;0000;19;28.133333;16.626667;53.075;
83339;31/10/2003;0000;2;29.806452;17.56129;48.08871;
83339;30/11/2003;0000;89.3;29.7;18.536667;57.116667;
83339;31/12/2003;0000;82.5;30.619355;19.645161;58.927419;
83339;31/01/2004;0000;343.2;26.583871;19.322581;77.314516;
83339;29/02/2004;0000;108.3;27.096552;19.044828;79.12069;
83339;31/03/2004;0000;253.1;25.470968;18.432258;83.943548;
83339;30/04/2004;0000;8.2;26.206667;18.236667;79.333333;
83339;31/05/2004;0000;3.6;25.716129;17.580645;76.41129;
83339;30/06/2004;0000;13.9;24.056667;15.926667;74.55;
83339;31/07/2004;0000;4.4;23.803226;14.703226;67.991935;
83339;31/08/2004;0000;0;26.364516;15.629032;54.967742;
83339;30/09/2004;0000;0.8;27.666667;15.746667;49.916667;
83339;31/10/2004;0000;80.3;29.26129;17.877419;58.314516;
83339;30/11/2004;0000;202.2;28.94;18.42;64.008333;
83339;31/12/2004;0000;86.1;28.303226;18.358065;69.419355;
83339;31/01/2005;0000;240.6;28.074194;19.441935;75.120968;
83339;28/02/2005;0000;155.5;27.55;19.646429;79.607143;
83339;31/03/2005;0000;106.7;27.922581;19.454839;76.048387;
83339;30/04/2005;0000;11.7;27.323333;18.71;72.4;
83339;31/05/2005;0000;45;26.212903;17.23871;69.491935;
83339;30/06/2005;0000;26.3;24.843333;15.853333;71.625;
83339;31/07/2005;0000;11.5;24.748387;14.925806;64.991935;
83339;31/08/2005;0000;7.2;26.393548;15.690323;56.766129;
83339;30/09/2005;0000;43.4;28.626667;17.046667;56.4;
83339;31/10/2005;0000;41.8;30.667742;17.732258;47.814516;
83339;30/11/2005;0000;132.5;28.173333;18.466667;67.158333;
83339;31/12/2005;0000;68.3;27.741935;18.732258;70.129032;
83339;31/01/2006;0000;1.4;30.132258;18.529032;57.104839;
83339;28/02/2006;0000;120;31.575;20.242857;61.383929;
83339;31/03/2006;0000;217.5;28.151613;19.53871;78.258065;
83339;30/04/2006;0000;115.9;26.12;18.61;81.866667;
83339;31/05/2006;0000;39.2;24.674194;16.445161;73.766129;
83339;30/06/2006;0000;25.1;23.223333;14.82;70.9;
83339;31/07/2006;0000;3.7;24.63871;14.448387;61.193548;
83339;31/08/2006;0000;0.3;26.745161;15.793548;53.41129;
83339;30/09/2006;0000;8.6;28.593333;16.733333;57.408333;
83339;31/10/2006;0000;85.5;27.835484;18.709677;68.387097;
83339;30/11/2006;0000;210.9;27.283333;18.413333;73.641667;
83339;31/12/2006;0000;119.5;28.2;18.951613;70;
83339;31/01/2007;0000;101.2;29.906452;19.480645;63.58871;
83339;28/02/2007;0000;176.5;26.878571;19.067857;77.589286;
83339;31/03/2007;0000;32.4;27.590323;18.370968;68.379032;
83339;30/04/2007;0000;18.7;27.746667;18.09;67.058333;
83339;31/05/2007;0000;4.1;27.748387;17.025806;61.733333;
83339;30/06/2007;0000;12.3;25.743333;15.643333;61.841667;
83339;31/07/2007;0000;4.5;26.229032;15.15;59.032258;
83339;31/08/2007;0000;3.1;25.93871;14.874194;56.354839;
83339;30/09/2007;0000;7.8;27.396667;15.95;53.366667;
83339;31/10/2007;0000;27;29.967742;17.93871;49.104839;
83339;30/11/2007;0000;108.8;30.26;18.651724;52.858333;
83339;31/12/2007;0000;259.6;27.841935;18.374194;68.927419;
83339;31/01/2008;0000;82;27.980645;18.612903;67.217742;
83339;29/02/2008;0000;81;29.003448;19.293103;67.362069;
83339;31/03/2008;0000;127.1;27.548387;18.93871;76.693548;
83339;30/04/2008;0000;58;27.8;19.116667;71.358333;
83339;31/05/2008;0000;0;27.287097;17.090323;60.717742;
83339;30/06/2008;0000;13.2;24.943333;15.826667;65.483333;
83339;31/07/2008;0000;5;24.777419;14.409677;59.314516;
83339;31/08/2008;0000;1.6;26.958065;15.390323;51.258065;
83339;30/09/2008;0000;39.5;28.623333;16.56;53.95;
83339;31/10/2008;0000;5.4;30.63871;17.574194;44.540323;
83339;30/11/2008;0000;175.1;28.003448;19.236667;68.291667;
83339;31/12/2008;0000;160.2;27.145161;18.96129;77.290323;
83339;31/01/2009;0000;54.3;28.203226;19.190323;71.669355;
83339;28/02/2009;0000;43.4;30.1;19.017857;61.892857;
83339;31/03/2009;0000;185.1;30.032258;19.812903;63.483871;
83339;30/04/2009;0000;80.9;26.186667;19.256667;80.225;
83339;31/05/2009;0000;4.6;24.754839;17.177419;75.467742;
83339;30/06/2009;0000;10.6;24.896667;16.39;72.6;
83339;31/07/2009;0000;17.3;25.83871;15.658065;63.16129;
83339;31/08/2009;0000;1.2;26.790323;16.167742;57.645161;
83339;30/09/2009;0000;13.6;30.466667;18.076667;49.891667;
83339;31/10/2009;0000;209.7;29.374194;19.332258;64.395161;
83339;30/11/2009;0000;44.8;29.65;18.676667;59.066667;
83339;31/12/2009;0000;175.3;28.53871;19.596774;66.766129;
83339;31/01/2010;0000;15.1;30.222581;19.158065;59.080645;
83339;28/02/2010;0000;17.4;30.942857;19.814286;59.321429;
83339;31/03/2010;0000;213.4;28.606452;20.203226;74.225806;
83339;30/04/2010;0000;50.4;27.496667;18.913333;70.933333;
83339;31/05/2010;0000;16.6;28.532258;18.658065;64.282258;
83339;30/06/2010;0000;1.5;26.17;15.796667;59.358333;
83339;31/07/2010;0000;18.4;25.070968;15.754839;64.024194;
83339;31/08/2010;0000;6;25.751613;14.777419;57.975806;
83339;30/09/2010;0000;0;28.173333;16.206667;60.8;
83339;31/10/2010;0000;71.6;31.325806;19.56129;56.201613;
83339;30/11/2010;0000;146.7;28.683333;19.39;70.925;
83339;31/12/2010;0000;142;28.064516;19.267742;74.854839;
83339;31/01/2011;0000;27.7;28.567742;19.074194;69.596774;
83339;28/02/2011;0000;139.1;30.153571;19.246429;62.223214;
83339;31/03/2011;0000;129.1;27.922581;19.687097;77.862903;
83339;30/04/2011;0000;43.8;27.436667;18.763333;73.766667;
83339;31/05/2011;0000;6.8;26.26129;17.248387;66.596774;
83339;30/06/2011;0000;0.4;26.89;16.433333;62.291667;
83339;31/07/2011;0000;17.2;25.880645;15.267742;61.830645;
83339;31/08/2011;0000;1.2;27.803226;16.206452;54.766129;
83339;30/09/2011;0000;0;27.373333;15.52;52.108333;
83339;31/10/2011;0000;48;28.287097;18.196774;64.766129;
83339;30/11/2011;0000;119;25.896667;17.903333;76.725;
83339;31/12/2011;0000;233.4;27.651613;18.664516;73.145161;
83339;31/01/2012;0000;51.4;27.867742;18.596774;67.564516;
83339;29/02/2012;0000;53.2;29.096552;18.503448;63.094828;
83339;31/03/2012;0000;11.9;30.619355;19.067742;57.491935;
83339;30/04/2012;0000;0;31.02;19.13;52.208333;
83339;31/05/2012;0000;11.6;27.370968;17.564516;63.306452;
83339;30/06/2012;0000;10.5;27.09;17.063333;62.883333;
83339;31/07/2012;0000;12.1;26.312903;15.593548;60.096774;
83339;31/08/2012;0000;12.7;25.390323;15.116129;62.177419;
83339;30/09/2012;0000;3;29.163333;16.956667;52.516667;
83339;31/10/2012;0000;0.4;30.667742;17.974194;47.548387;
83339;30/11/2012;0000;454.9;26.443333;19.476667;82.45;
83339;31/12/2012;0000;45.9;30.373333;19.345161;55.208333;
83339;31/01/2013;0000;202.6;29.322581;19.780645;67.846774;
83339;28/02/2013;0000;0;29.921429;19.335714;60.4375;
83339;31/03/2013;0000;87.3;31.11;20.057143;61;
83339;30/04/2013;0000;7.2;;19.13;67.8;
83339;31/05/2013;0000;7.4;28.557895;18.006452;63.41129;
83339;30/06/2013;0000;8;26.866667;17.276667;67.516667;
83339;31/07/2013;0000;11.8;26.548387;16.170968;59.983871;
83339;31/08/2013;0000;5.4;26.787097;15.767742;60.072581;
83339;30/09/2013;0000;9.1;28.52069;17.423333;54.983333;
83339;31/10/2013;0000;30.1;29.525806;18.174194;57.798387;
83339;30/11/2013;0000;73.3;30.173333;18.963333;60.491667;
83339;31/12/2013;0000;292.5;27.432258;19.11;78.879032;
83339;31/01/2014;0000;10.2;28.396774;18.609677;67.08871;
83339;28/02/2014;0000;32.6;29.060714;18.753571;63.125;
83339;31/03/2014;0000;39.6;29.948387;19.364516;64.104839;
83339;30/04/2014;0000;29.4;29.456667;19.223333;61.858333;
83339;31/05/2014;0000;14.2;28.116129;17.748387;62.927419;
83339;30/06/2014;0000;18.6;26.216667;16.73;64.716667;
83339;31/07/2014;0000;5;25.7;15.983871;61.370968;
83339;31/08/2014;0000;1;27.135484;15.470968;53.225806;
83339;30/09/2014;0000;1;29.493103;17.006667;48.116667;
83339;31/10/2014;0000;63.6;29.66129;17.829032;52.556452;
83339;30/11/2014;0000;158.7;28.413333;18.75;68.116667;
83339;31/12/2014;0000;182.4;27.616129;18.612903;69.782258;
83339;31/01/2015;0000;1.6;30.035484;18.619355;55.766129;
83339;28/02/2015;0000;107;;18.928571;68.196429;
83339;31/03/2015;0000;42.6;;19.73871;58.645161;
83339;30/04/2015;0000;97.6;;19.91;64.608333;
83339;31/05/2015;0000;34.3;;17.622581;69.346774;
83339;30/06/2015;0000;3.6;;16.506667;68.933333;
83339;31/07/2015;0000;13.3;;16.177419;65.548387;
83339;31/08/2015;0000;9.2;;15.609677;57.419355;
83339;30/09/2015;0000;0;;17.373333;39.983333;
83339;31/10/2015;0000;15.2;;19.1;42.798387;
83339;30/11/2015;0000;72.6;;20.626667;50.783333;
83339;31/12/2015;0000;26.2;;20.609677;42.403226;
