--------------------
BDMEP - INMET
--------------------
Estação           : CALDEIRAO - PI (OMM: 82474)
Latitude  (graus) : -4.28
Longitude (graus) : -41.8
Altitude  (metros): 160.00
Estação Operante
Inicio de operação: 01/02/1972
Periodo solicitado dos dados: 01/01/2000 a 01/01/2016
Os dados listados abaixo são os que encontram-se digitados no BDMEP
Hora em UTC
--------------------
Obs.: Os dados aparecem separados por ; (ponto e vírgula) no formato txt.
      Para o formato planilha XLS, siga as instruções
--------------------
Estacao;Data;Hora;PrecipitacaoTotal;TempMaximaMedia;TempMinimaMedia;UmidadeRelativaMedia;
82474;31/01/2000;0000;256.5;32.264516;22.548387;87.129032;
82474;29/02/2000;0000;230.6;31.910345;22.555172;88.732759;
82474;31/03/2000;0000;214.8;32.041935;22.858065;88.774194;
82474;30/04/2000;0000;262.3;31.38;22.86;87.558333;
82474;31/05/2000;0000;29.5;32.63871;22.180645;83.314516;
82474;30/06/2000;0000;5.4;33.34;21.296667;;
82474;31/07/2000;0000;83.3;33.416129;22.219355;;
82474;31/08/2000;0000;31.2;34.954839;21.151613;;
82474;30/09/2000;0000;27.8;36.626667;21.436667;;
82474;31/03/2001;0000;185.7;31.816129;21.93871;;
82474;30/04/2001;0000;340.6;31.026667;22.836667;;
82474;30/09/2001;0000;0;;;;
82474;31/10/2001;0000;16.5;38.448387;20.235484;60.836207;
82474;30/11/2001;0000;0;;;;
82474;31/12/2001;0000;0;;;;
82474;31/01/2002;0000;0;;;;
82474;28/02/2002;0000;0;;;;
82474;31/03/2002;0000;0;;;;
82474;30/04/2002;0000;0;;;;
82474;31/05/2002;0000;0;;;;
82474;30/06/2002;0000;0;;;;
82474;31/07/2002;0000;12.2;35.074194;17.996774;73.379032;
82474;31/08/2002;0000;0;;;;
82474;30/09/2002;0000;0;;;;
82474;30/11/2002;0000;0;38.066667;21.6;61.808333;
82474;31/01/2003;0000;92.4;35.716129;22.267742;72.379032;
82474;28/02/2003;0000;252.1;33.514286;21.567857;81.544643;
82474;31/03/2003;0000;521;32.351613;19.183871;83.491935;
82474;30/04/2003;0000;220.5;32.486667;19.77;79.1;
82474;31/05/2003;0000;106.8;33.080645;19.407692;78.524194;
82474;30/06/2003;0000;91.6;33.453333;19.493333;76.574074;
82474;31/07/2003;0000;7;33.706452;19.109677;70.475806;
82474;31/08/2003;0000;36.5;35.719355;23.054839;63.25;
82474;30/09/2003;0000;14.2;36.717241;22.97;;
82474;31/10/2003;0000;0.6;37.835484;23.474194;55.594828;
82474;30/11/2003;0000;53.5;37.333333;22.963333;60.416667;
82474;31/12/2003;0000;25.9;37.241935;22.845161;61.814516;
82474;31/01/2004;0000;369.5;32.172414;21.819355;81.870968;
82474;29/02/2004;0000;469.8;31.645;21.711111;85.87931;
82474;31/03/2004;0000;153.8;31.557692;23.206452;82.612903;
82474;30/04/2004;0000;233;31.236667;23.42;84.983333;
82474;31/05/2004;0000;87.3;32.219355;23.067742;79.169355;
82474;30/06/2004;0000;65.2;31.316667;22.203333;77.375;
82474;31/07/2004;0000;41.4;33.23871;21.929032;71.483871;
82474;31/08/2004;0000;3.2;35.990323;22.345161;62.403226;
82474;30/09/2004;0000;9.7;37.286667;23.22069;60.551724;
82474;31/10/2004;0000;0;37.777419;22.845161;56.991935;
82474;30/11/2004;0000;4.6;38.09;23.853333;56.543103;
82474;31/12/2004;0000;30.3;37.374194;23.4;58.459677;
82474;31/01/2005;0000;355.2;34.606452;23.135484;66.41129;
82474;28/02/2005;0000;152.9;33.5;23.717857;76.425926;
82474;31/03/2005;0000;286.7;31.845161;23.448387;82.919355;
82474;30/04/2005;0000;254.5;31.596667;24.003333;83.158333;
82474;31/05/2005;0000;112;31.425806;23.226667;79.322581;
82474;30/06/2005;0000;26.7;32.28;21.736667;75.580357;
82474;31/07/2005;0000;0;34.667742;21.436667;65.064516;
82474;31/08/2005;0000;0;36.232258;21.551613;60.137097;
82474;30/09/2005;0000;0;37.733333;21.576667;56.125;
82474;31/10/2005;0000;0;38.658621;22.46129;54.870968;
82474;30/11/2005;0000;14.9;38.485185;22.34;54.491667;
82474;31/12/2005;0000;109.3;35.532258;22.77;66.072581;
82474;31/01/2006;0000;97.7;34.125806;22.403226;73.758065;
82474;28/02/2006;0000;159.5;32.2;21.917857;83.026786;
82474;31/03/2006;0000;325.3;31.845161;22.087097;84.983871;
82474;30/04/2006;0000;463.8;30.766667;22.06;87.616667;
82474;31/05/2006;0000;205.9;31.154839;21.925806;84.58871;
82474;30/06/2006;0000;19.9;31.653333;21.133333;75.758333;
82474;31/07/2006;0000;0;33.616129;21.245161;68.629032;
82474;31/08/2006;0000;63;34.696774;21.174194;66.217742;
82474;30/09/2006;0000;0.4;37.003333;21.89;61.95;
82474;31/10/2006;0000;35.7;38.019355;22.112903;58.08871;
82474;30/11/2006;0000;4.5;37.003333;22.583333;58.366667;
82474;31/12/2006;0000;17.5;36.841935;22.974194;59.564516;
82474;31/01/2007;0000;9.1;37.167742;23.129032;62.032258;
82474;28/02/2007;0000;423.5;31.710714;22.282143;;
82474;31/03/2007;0000;228.6;31.954839;22.690323;82.193548;
82474;30/04/2007;0000;416.2;31.016667;22.72;86.9;
82474;31/05/2007;0000;99.5;33.041935;22.516129;76.508065;
82474;30/06/2007;0000;49.6;33.313333;21.223333;71.525;
82474;31/07/2007;0000;36.5;34.103226;21.819355;67.830645;
82474;31/08/2007;0000;0;36.054839;21.041935;58.120968;
82474;30/09/2007;0000;0;37.03;20.903333;52.025;
82474;31/10/2007;0000;0;38.054839;22.051613;54.209677;
82474;30/11/2007;0000;0;38.326667;22.04;58.1;
82474;31/12/2007;0000;29.9;36.258065;21.967742;64.66129;
82474;31/01/2008;0000;181.3;33;21.432258;79.564516;
82474;29/02/2008;0000;378.7;32.02069;21.22069;81.448276;
82474;31/03/2008;0000;564.9;28.977419;20.822581;91.580645;
82474;30/04/2008;0000;473.9;29.783333;21.383333;90.075;
82474;31/05/2008;0000;130.3;30.432258;21.570968;;
82474;30/06/2008;0000;5;33.413333;21.136667;77.767241;
82474;31/07/2008;0000;4.9;33.277419;20.580645;70.806452;
82474;31/08/2008;0000;27.1;34.629032;20.764516;66.846774;
82474;30/09/2008;0000;0;36.576667;20.776667;59.8;
82474;31/10/2008;0000;8;37.551613;21.029032;54.508065;
82474;30/11/2008;0000;1.2;37.696667;21.07;52.931034;
82474;31/12/2008;0000;16.8;37.019355;19.93871;56.806452;
82474;31/01/2009;0000;202.6;34.493548;20.325806;72.572581;
82474;28/02/2009;0000;414.6;31.478571;20.125;83.758929;
82474;31/03/2009;0000;518.9;30.245161;20.425806;89.145161;
82474;30/04/2009;0000;705.6;29.643333;19.893333;90.058333;
82474;31/05/2009;0000;277;29.690323;19.522581;87.314516;
82474;30/06/2009;0000;68.4;30.996667;21.263333;80.708333;
82474;31/07/2009;0000;54.1;32.264516;21.135484;77.733333;
82474;31/08/2009;0000;5.8;34.303226;20.764516;71.508065;
82474;30/09/2009;0000;0;36.976667;21.43;63.183333;
82474;31/10/2009;0000;74.4;37.470968;20.567742;61.451613;
82474;30/11/2009;0000;24.9;36.8;21.136667;61.663793;
82474;31/12/2009;0000;47.9;34.990323;20.709677;63.604839;
82474;31/01/2010;0000;134.7;32.390323;19.658065;73.33871;
82474;28/02/2010;0000;106;34.371429;20.167857;67.25;
82474;31/03/2010;0000;346.1;33.416129;19.845161;71.451613;
82474;30/04/2010;0000;235.2;32.163333;19.67;72.784483;
82474;31/05/2010;0000;139.6;32.948387;20.132258;75.137097;
82474;30/06/2010;0000;58.3;32.92;20.483333;69.175;
82474;31/07/2010;0000;0;35.012903;20.325806;62.846774;
82474;31/08/2010;0000;0;36.53871;20.277419;57.233871;
82474;30/09/2010;0000;1.5;37.623333;20.786667;52.05;
82474;31/10/2010;0000;75.7;37.529032;20.770968;56.717742;
82474;30/11/2010;0000;21.7;36.666667;21.273333;59.423077;
82474;31/12/2010;0000;364.4;33.454839;20.1;74.258065;
82474;31/01/2011;0000;342.6;31.503226;20.048387;82.370968;
82474;28/02/2011;0000;169;31.064286;19.45;83.964286;
82474;31/03/2011;0000;409.7;30.616129;19.870968;87.459677;
82474;30/04/2011;0000;343.4;30.02;19.863333;89.558333;
82474;31/05/2011;0000;219;31.36129;19.574194;83.293103;
82474;30/06/2011;0000;4.2;32.346667;19.693333;74.525;
82474;31/07/2011;0000;15;32.903226;20.177419;72.693548;
82474;31/08/2011;0000;18.1;34.987097;20.916129;63.666667;
82474;30/09/2011;0000;0;36.21;21.01;55.583333;
82474;31/10/2011;0000;99.6;35.832258;20.883871;62.895161;
82474;30/11/2011;0000;65.8;35.351724;21.544828;64.336207;
82474;31/12/2011;0000;70.7;36.941935;21.041935;59.008065;
82474;31/01/2012;0000;78.1;34.751613;21.345161;;
82474;29/02/2012;0000;150.5;32.427586;20.724138;;
82474;31/03/2012;0000;298;31.829032;20.554839;;
82474;30/04/2012;0000;130.3;32.76;20.883333;74.660714;
82474;31/05/2012;0000;41.6;34.229032;20.954839;68.758621;
82474;30/06/2012;0000;8.7;34.62;20.856667;65.428571;
82474;31/07/2012;0000;0;35.525806;19.945161;;
82474;31/08/2012;0000;0;36.716129;20.364516;;
82474;30/09/2012;0000;0;37.563333;20.303333;;
82474;31/10/2012;0000;1;38.635484;21.151613;;
82474;30/11/2012;0000;3.6;38.31;20.74;55.138889;
82474;31/12/2012;0000;40.9;37.616129;21.196774;;
82474;31/01/2013;0000;135.8;33.745161;21.370968;65.941667;
82474;28/02/2013;0000;156.7;34.817857;21.175;70.75;
82474;31/03/2013;0000;159.5;33.854839;21.551613;69.112903;
82474;30/04/2013;0000;331.2;31.966667;21.266667;75;
82474;31/05/2013;0000;91.5;32.490323;20.670968;75.758065;
82474;30/06/2013;0000;33.3;33.313333;20.456667;71.925;
82474;31/07/2013;0000;16.2;33.722581;20.358065;66.629032;
82474;31/08/2013;0000;0;34.5;21.925806;57.908333;
82474;30/09/2013;0000;0;38.323333;22.066667;52.558333;
82474;31/10/2013;0000;11.1;39.648387;22.219355;51.306452;
82474;30/11/2013;0000;23.4;37.523333;22.656667;54.566667;
82474;31/12/2013;0000;44.8;37.929032;22.670968;51.612903;
82474;31/01/2014;0000;149.7;36.229032;22.5;65.782258;
82474;28/02/2014;0000;180;32.864286;22.525926;79.076923;
82474;31/03/2014;0000;278.1;32.980645;22.541935;71.830645;
82474;30/04/2014;0000;290.6;31.77;22.413333;73.327586;
82474;31/05/2014;0000;117.9;32.519355;22.712903;71.258065;
82474;30/06/2014;0000;35.7;33.41;22.373333;65.866667;
82474;31/07/2014;0000;0;34.967742;22.032258;64.879032;
82474;31/08/2014;0000;0;36.735484;21.683871;58.933333;
82474;30/09/2014;0000;0;38.543333;21.846667;55.333333;
82474;31/10/2014;0000;21.7;39.180645;23.125806;53.653226;
82474;30/11/2014;0000;19.4;38.223333;22.906667;57.25;
82474;31/12/2014;0000;3.2;37.125806;22.867742;57.693548;
82474;31/01/2015;0000;63.2;35.674194;22.425806;61.308333;
