--------------------
BDMEP - INMET
--------------------
Estação           : CALDAS P  DE CALDAS  - MG (OMM: 83681)
Latitude  (graus) : -21.91
Longitude (graus) : -46.38
Altitude  (metros): 1150.00
Estação Operante
Inicio de operação: 10/11/1988
Periodo solicitado dos dados: 01/01/2000 a 01/01/2016
Os dados listados abaixo são os que encontram-se digitados no BDMEP
Hora em UTC
--------------------
Obs.: Os dados aparecem separados por ; (ponto e vírgula) no formato txt.
      Para o formato planilha XLS, siga as instruções
--------------------
Estacao;Data;Hora;PrecipitacaoTotal;TempMaximaMedia;TempMinimaMedia;UmidadeRelativaMedia;
83681;31/01/2000;0000;371.5;26.474194;16.429032;81.403226;
83681;29/02/2000;0000;363.5;25.82069;16.62069;83;
83681;31/03/2000;0000;125.3;25.906452;16.564516;81.790323;
83681;30/04/2000;0000;14.1;26.223333;;74.758333;
83681;31/05/2000;0000;1.2;24.193548;;74.548387;
83681;30/06/2000;0000;5;24.013333;;72.691667;
83681;31/07/2000;0000;38.1;22.425806;;74.032258;
83681;31/08/2000;0000;73.9;24.419355;;72.233871;
83681;30/09/2000;0000;157.6;23.446667;;79.441667;
83681;31/10/2000;0000;51.9;28.545161;;73.903226;
83681;30/11/2000;0000;250.8;25.756667;15.273333;79.716667;
83681;31/12/2000;0000;342.6;26.306452;16.416129;80.475806;
83681;31/01/2001;0000;215.9;27.6;16.022581;77.346774;
83681;28/02/2001;0000;183.9;28.085714;16.364286;77.303571;
83681;31/03/2001;0000;145.9;27.054839;15.448387;79.782258;
83681;30/04/2001;0000;74.1;26.886667;12.066667;75.891667;
83681;31/05/2001;0000;67.1;23.087097;8.958065;75.991935;
83681;30/06/2001;0000;4.1;23.03;7.146667;74.808333;
83681;31/07/2001;0000;3.4;24.193548;6.174194;72.169355;
83681;31/08/2001;0000;38.9;24.164516;7.583871;69.233871;
83681;30/09/2001;0000;115.6;24.383333;11.056667;69.825;
83681;31/10/2001;0000;145.3;25.529032;13.206452;73.580645;
83681;30/11/2001;0000;230;26.006667;16.016667;79.558333;
83681;31/12/2001;0000;241.5;25.23871;16.456667;80.645161;
83681;31/01/2002;0000;224.5;;17.141935;80.008065;
83681;28/02/2002;0000;228.5;25.125;16.703571;83.392857;
83681;31/03/2002;0000;161;;15.767742;78.887097;
83681;30/04/2002;0000;24.3;;12.19;73.833333;
83681;31/05/2002;0000;60.5;24.241935;9.632258;78.983333;
83681;30/06/2002;0000;0;24.28;6.376667;74.45;
83681;31/07/2002;0000;6;23.870968;5.332258;70.883333;
83681;31/08/2002;0000;29.9;25.883871;9.090323;66.935484;
83681;30/09/2002;0000;77.3;24.46;10.86;73.066667;
83681;31/10/2002;0000;57.7;29.867742;13.135484;63.724138;
83681;30/11/2002;0000;156.4;26.816667;15.523333;74.691667;
83681;31/12/2002;0000;273.1;27.548387;16.787097;77.814516;
83681;31/01/2003;0000;312.7;26.43871;17.470968;84.459677;
83681;28/02/2003;0000;151.3;28.342857;16.139286;75.857143;
83681;31/03/2003;0000;157;26.390323;15.187097;79.580645;
83681;30/04/2003;0000;83.6;25.76;11.993333;77.866667;
83681;31/05/2003;0000;63.7;22.819355;6.432258;74.806452;
83681;30/06/2003;0000;7;24.743333;5.396667;75.7;
83681;31/07/2003;0000;7.6;23.13871;4.545161;71.25;
83681;31/08/2003;0000;20.4;24.064516;6.470968;69.443548;
83681;30/09/2003;0000;10.7;27.33;10.733333;64.818966;
83681;31/10/2003;0000;83.4;26.622581;13.025806;70.379032;
83681;30/11/2003;0000;257.1;25.703333;;76.658333;
83681;31/12/2003;0000;255.5;26.796774;;79.612903;
83681;31/01/2004;0000;290.5;25.506452;;80.983871;
83681;29/02/2004;0000;295.1;25.593103;;81.801724;
83681;31/03/2004;0000;88;25.3;12.473684;79.887097;
83681;30/04/2004;0000;191.1;25.113333;14.413333;83.383333;
83681;31/05/2004;0000;141.9;21.780645;9.503226;83.58871;
83681;30/06/2004;0000;51.1;21.473333;7.193333;81.541667;
83681;31/07/2004;0000;35.9;20.793548;7.03871;79.322581;
83681;31/08/2004;0000;0;25.054839;5.716129;70.467742;
83681;30/09/2004;0000;6.4;28.89;10.116667;62.691667;
83681;31/10/2004;0000;146;24.632258;12.880645;79.919355;
83681;30/11/2004;0000;133.2;26.176667;14.103333;77.333333;
83681;31/12/2004;0000;149.7;26.006452;15.051613;81.556452;
83681;31/01/2005;0000;428.5;26.312903;16.87;83.967742;
83681;28/02/2005;0000;96.2;27.164286;13.175;76.767857;
83681;31/03/2005;0000;168.5;26.716129;15.729032;81.572581;
83681;30/04/2005;0000;62.9;26.42;12.966667;80.125;
83681;31/05/2005;0000;102.9;23.496774;8.735484;79.274194;
83681;30/06/2005;0000;10;22.7;6.686667;79.033333;
83681;31/07/2005;0000;25.1;21.974194;6.090323;77;
83681;31/08/2005;0000;3.1;25.56129;5.380645;69.072581;
83681;30/09/2005;0000;125;24.05;11.82;77.941667;
83681;31/10/2005;0000;106.5;27.574194;14.083871;73.322581;
83681;30/11/2005;0000;119.6;25.2;13.87;79.791667;
83681;31/12/2005;0000;188.7;25.006452;14.380645;81.104839;
83681;31/01/2006;0000;276.7;26.954839;16.155172;76.314516;
83681;28/02/2006;0000;334.2;26.978571;16.4;81.946429;
83681;31/03/2006;0000;172.7;26.709677;16.309677;81.580645;
83681;30/04/2006;0000;57.5;25.313333;12.15;79.441667;
83681;31/05/2006;0000;10.5;22.929032;6.990323;75.895161;
83681;30/06/2006;0000;15.5;22.526667;5.43;76.033333;
83681;31/07/2006;0000;14.2;24.035484;5.512903;73.766129;
83681;31/08/2006;0000;15.7;26.26129;7.203226;66.717742;
83681;30/09/2006;0000;46.5;25.436667;10.503333;69.808333;
83681;31/10/2006;0000;159.8;25.687097;15.1;77.056452;
83681;30/11/2006;0000;287.4;25.853333;15.516667;77.791667;
83681;31/12/2006;0000;358.2;26.070968;17.893548;83.782258;
83681;31/01/2007;0000;565.1;25.658065;18.409677;86.758333;
83681;31/03/2007;0000;77.2;28.129032;15.858065;76.879032;
83681;30/04/2007;0000;57;26.56;14.546667;79.091667;
83681;31/05/2007;0000;59.1;23.412903;8.780645;78.008065;
83681;30/06/2007;0000;10.7;23.99;6.07;75.616667;
83681;31/07/2007;0000;110.2;22.967742;6.616129;74.419355;
83681;31/08/2007;0000;0;25.516129;6.977419;63.774194;
83681;30/09/2007;0000;8;27.593333;11.1;61.55;
83681;31/10/2007;0000;8.7;29.19;13.34;;
83681;30/11/2007;0000;224.5;25.833333;15.79;78.925;
83681;31/12/2007;0000;170;27.23871;16.406452;77.241935;
83681;31/01/2008;0000;367.1;25.9;16.93871;82.330645;
83681;29/02/2008;0000;128.5;26.6;16.934483;80.922414;
83681;31/03/2008;0000;335.6;26.148387;15.348387;80.072581;
83681;30/04/2008;0000;225.3;24.966667;14.6;82.058333;
83681;31/05/2008;0000;54.4;23.103226;9.083871;;
83681;30/06/2008;0000;20.3;22.573333;9.083333;;
83681;31/07/2008;0000;0;23.735484;4.26129;;
83681;31/08/2008;0000;47.7;25.445161;9.283871;;
83681;30/09/2008;0000;74.4;25.713333;9.743333;;
83681;31/10/2008;0000;186.3;26.367742;14.958065;;
83681;30/11/2008;0000;160.8;25.48;15.633333;;
83681;31/12/2008;0000;123.9;25.73913;15.891304;;
83681;31/01/2009;0000;277.5;25.735484;17;81.443548;
83681;28/02/2009;0000;365.7;26.989286;17.225;83.303571;
83681;31/03/2009;0000;81.6;27.280769;17.103846;80.221154;
83681;30/04/2009;0000;72.5;25.423333;12.623333;79.108333;
83681;31/05/2009;0000;74;24.006452;10.351613;80.701613;
83681;30/06/2009;0000;65.3;21.143333;6.976667;80.133333;
83681;31/07/2009;0000;27.9;23.154839;9.035484;80.758065;
83681;31/08/2009;0000;94.4;23.464516;8.609677;74.266129;
83681;30/09/2009;0000;164.7;26.083333;13.13;77.441667;
83681;31/10/2009;0000;296.4;26.167742;15.1;79.524194;
83681;30/11/2009;0000;209.4;27.993333;17.546667;78.241667;
83681;31/12/2009;0000;358.2;26.277419;18.012903;;
83681;31/01/2010;0000;219.6;27.083871;18.041935;82.201613;
83681;28/02/2010;0000;151.4;27.669565;17.016667;79.229167;
83681;31/03/2010;0000;164.3;27.290323;16.541935;78.572581;
83681;30/04/2010;0000;57.3;25.633333;12.386667;75.75;
83681;31/05/2010;0000;26.3;23.93871;8.380645;76.032258;
83681;30/06/2010;0000;18.6;23.027586;5.251724;75.308333;
83681;31/07/2010;0000;13.6;23.870968;7.103226;74.072581;
83681;31/08/2010;0000;0;26.051613;5.109677;59.153226;
83681;30/09/2010;0000;70.5;26.656667;10.856667;65.516667;
83681;31/10/2010;0000;120.1;26.135484;12.754839;72.241935;
83681;30/11/2010;0000;191.4;25.95;15.23;77.266667;
83681;31/12/2010;0000;401.1;27.483871;17.712903;79.91129;
83681;31/01/2011;0000;312;26.890323;18.203226;82.451613;
83681;28/02/2011;0000;83.3;28.025;16.964286;76.803571;
83681;31/03/2011;0000;182.1;25.077419;17.519355;83.733871;
83681;30/04/2011;0000;129.5;25.888462;13.834615;80.153846;
83681;31/05/2011;0000;30.2;23.474194;8.177419;77.629032;
83681;30/06/2011;0000;25.3;22.423333;4.726667;76.908333;
83681;31/07/2011;0000;0;24.312903;6.93871;71.185484;
83681;31/08/2011;0000;9.9;25.977419;8.558065;65.854839;
83681;30/09/2011;0000;25.8;27.453333;8.706667;57.163793;
83681;31/10/2011;0000;173.6;25.577419;14.532258;70.419355;
83681;30/11/2011;0000;54.1;25.307692;13.357692;72.211538;
83681;31/12/2011;0000;194.8;26.06129;16.487097;79.120968;
83681;31/01/2012;0000;293.1;24.970968;16.206452;80.629032;
83681;29/02/2012;0000;107.3;27.510345;16.289655;;
83681;31/03/2012;0000;132.9;26.545161;15.690323;78.959677;
83681;30/04/2012;0000;71.1;25.55;14.52;81.2;
83681;31/05/2012;0000;77.2;22.241935;9.148387;79.467742;
83681;30/06/2012;0000;65.8;22.033333;10.26;82.608333;
83681;31/07/2012;0000;34.5;22.941935;6.567742;75.330645;
83681;31/08/2012;0000;0;23.46129;7.051613;67.919355;
83681;30/09/2012;0000;32;27.046667;9.603333;62.808333;
83681;31/10/2012;0000;50.1;28.480645;14.106452;65.774194;
83681;30/11/2012;0000;168.7;26.43;15.87;75.191667;
83681;31/12/2012;0000;210.9;27.690323;18.13871;79.725806;
83681;31/01/2013;0000;379.9;25.922581;17.13871;81.959677;
83681;28/02/2013;0000;225.2;27.3;17.117857;79.053571;
83681;31/03/2013;0000;318.7;25.867742;16.974194;82.451613;
83681;30/04/2013;0000;103.4;24.313333;12.676667;79.091667;
83681;31/05/2013;0000;93.2;23.551613;9.993548;77.766129;
83681;30/06/2013;0000;33.9;22.356667;10.3;82.958333;
83681;31/07/2013;0000;40.6;22.851613;6.880645;75.540323;
83681;31/08/2013;0000;6.6;24.412903;6.648387;67.290323;
83681;30/09/2013;0000;76.5;25.453333;10.41;69.741667;
83681;31/10/2013;0000;124.5;25.012903;13.935484;74.822581;
83681;30/11/2013;0000;231;25.44;15.373333;77.691667;
83681;31/12/2013;0000;173.2;26.990323;17.222581;79.564516;
83681;31/01/2014;0000;42.5;29.4;16.248387;69.064516;
83681;28/02/2014;0000;69.9;29.242857;15.578571;64.901786;
83681;31/03/2014;0000;124.7;27.112903;16.545161;76.233871;
83681;30/04/2014;0000;104.9;25.88;13.54;78.616667;
83681;31/05/2014;0000;34.2;23.8;8.835484;77.596774;
83681;30/06/2014;0000;6.3;23.65;7.59;77.958333;
83681;31/07/2014;0000;33.6;22.170968;7.203226;76.169355;
83681;31/08/2014;0000;3.6;26.058065;6.706452;64.16129;
83681;30/09/2014;0000;54.6;27.206667;11.26;63.6;
83681;31/10/2014;0000;49.7;28.654839;13.477419;62.58871;
83681;30/11/2014;0000;211.9;26.553333;16.226667;74.683333;
83681;31/12/2014;0000;365.6;26.771429;16.396429;79.392857;
83681;31/01/2015;0000;108.1;29.690323;17.225806;73.379032;
83681;28/02/2015;0000;167.1;26.957143;16.7;80.214286;
83681;31/03/2015;0000;223.2;25.83871;16.458065;84.370968;
83681;30/04/2015;0000;23.1;25.7;14.263333;80.041667;
83681;31/05/2015;0000;77.1;22.367742;11.351613;83.080645;
83681;30/06/2015;0000;44.5;22.62;8.716667;79.383333;
