--------------------
BDMEP - INMET
--------------------
Estação           : CAMETA - PA (OMM: 82263)
Latitude  (graus) : -2.25
Longitude (graus) : -49.5
Altitude  (metros): 23.90
Estação Operante
Inicio de operação: 01/05/1970
Periodo solicitado dos dados: 01/01/2000 a 01/01/2016
Os dados listados abaixo são os que encontram-se digitados no BDMEP
Hora em UTC
--------------------
Obs.: Os dados aparecem separados por ; (ponto e vírgula) no formato txt.
      Para o formato planilha XLS, siga as instruções
--------------------
Estacao;Data;Hora;PrecipitacaoTotal;TempMaximaMedia;TempMinimaMedia;UmidadeRelativaMedia;
82263;31/01/2000;0000;325.2;32.058065;23.283871;87.693548;
82263;29/02/2000;0000;332.9;31.144828;22.958621;91.801724;
82263;31/03/2000;0000;436.8;31.96129;23.270968;90.75;
82263;30/04/2000;0000;423.6;32.193333;23.48;89.375;
82263;31/05/2000;0000;526.5;32.651613;23.593548;89.033333;
82263;30/06/2000;0000;285.7;33.263333;23.866667;84.6;
82263;31/07/2000;0000;351.7;32.477419;23.619355;84.75;
82263;31/08/2000;0000;73.7;33.93871;24.006452;81.322581;
82263;30/09/2000;0000;115.6;33.46;23.966667;81.666667;
82263;31/10/2000;0000;53.4;33.374194;24.677419;79.193548;
82263;30/11/2000;0000;57;34.003333;24.366667;76.625;
82263;31/12/2000;0000;236.3;32.5;24.174194;81.104839;
82263;31/01/2001;0000;507.9;31.677419;23.019355;89.225806;
82263;28/02/2001;0000;280.5;31.453571;22.935714;89.303571;
82263;31/03/2001;0000;348.1;32.051613;23.483871;88.572581;
82263;30/04/2001;0000;395.4;32.61;23.653333;89.475;
82263;31/05/2001;0000;175.5;33.419355;24.112903;86.403226;
82263;30/06/2001;0000;207.4;33.33;23.226667;86.641667;
82263;31/07/2001;0000;113.4;33.483871;23.470968;84.604839;
82263;31/08/2001;0000;14.7;34.3;23.5;80.120968;
82263;30/09/2001;0000;142;33.82;23.94;81.058333;
82263;31/10/2001;0000;40.9;33.732258;24.393548;80;
82263;30/11/2001;0000;27.7;34.110714;24.933333;77.723214;
82263;31/12/2001;0000;139.8;33.783871;24.948387;79.145161;
82263;31/01/2002;0000;299.3;32.358065;23.567742;86.846774;
82263;28/02/2002;0000;163;32.475;23.703571;84.526786;
82263;31/03/2002;0000;493.1;31.948387;23.274194;88.725806;
82263;30/04/2002;0000;371.2;32.039286;23.693333;88.55;
82263;31/05/2002;0000;294.5;32.590323;23.967742;87.354839;
82263;30/06/2002;0000;210.7;33.14;23.423333;85.066667;
82263;31/07/2002;0000;168.2;33.196774;23.777419;85.072581;
82263;31/08/2002;0000;136;33.170968;23.922581;83.177419;
82263;30/09/2002;0000;28.4;33.86;24.22;80.258333;
82263;31/10/2002;0000;86.8;33.522581;24.148387;80.637097;
82263;30/11/2002;0000;45.9;33.75;24.346667;79.766667;
82263;31/12/2002;0000;175.2;33.019355;23.990323;85.16129;
82263;31/01/2003;0000;148.3;32.503226;24.174194;85.137097;
82263;28/02/2003;0000;430.7;31.596429;23.439286;89.803571;
82263;31/03/2003;0000;440.9;31.696774;23.393548;88.516129;
82263;30/04/2003;0000;313.7;32.38;23.646667;89.475;
82263;31/05/2003;0000;248.2;33.345161;24.1;86.346774;
82263;30/06/2003;0000;191.5;33.526667;23.843333;85.066667;
82263;31/07/2003;0000;59.9;33.925806;23.687097;82.830645;
82263;31/08/2003;0000;137.4;33.725806;23.919355;83.330645;
82263;30/09/2003;0000;114.9;33.623333;23.82;83.883333;
82263;31/10/2003;0000;76.1;33.287097;24.3;82.943548;
82263;30/11/2003;0000;82.9;33.84;24.536667;81.333333;
82263;31/12/2003;0000;85.1;33.283871;24.241935;82.693548;
82263;31/01/2004;0000;209.5;32.103226;23.819355;88.080645;
82263;29/02/2004;0000;557.9;31.4;23.134483;90.258621;
82263;31/03/2004;0000;280.3;32.145161;23.56129;89.153226;
82263;30/04/2004;0000;277.9;32.84;23.88;87.816667;
82263;31/05/2004;0000;322.7;33.96129;24.183871;84.685484;
82263;30/06/2004;0000;197.4;33.36;23.36;84.716667;
82263;31/07/2004;0000;164.5;33.112903;23.264516;82.483871;
82263;31/08/2004;0000;80.7;33.270968;23.535484;83.193548;
82263;30/09/2004;0000;88.6;33.62;23.96;82.2;
82263;31/10/2004;0000;32.4;33.677419;24.229032;81.637097;
82263;30/11/2004;0000;2.1;34.423333;24.6;78.841667;
82263;31/12/2004;0000;65;34.035484;24.619355;79.556452;
82263;31/01/2005;0000;240.1;33.564516;24.56129;83.637097;
82263;28/02/2005;0000;294.4;33.014286;23.942857;87.276786;
82263;31/03/2005;0000;350.1;33.03871;24.077419;88.645161;
82263;30/04/2005;0000;505.5;33.12;23.66;88.8;
82263;31/05/2005;0000;378;33.26129;23.8;88.629032;
82263;30/06/2005;0000;234.6;33.773333;23.843333;86.25;
82263;31/07/2005;0000;140.6;34.296774;23.170968;83.612903;
82263;31/08/2005;0000;50.4;34.758065;23.63871;82.645161;
82263;30/09/2005;0000;40.6;34.543333;24.126667;78.45;
82263;31/10/2005;0000;12.1;34.187097;24.548387;76.766129;
82263;30/11/2005;0000;6.5;34.496667;24.99;76.4;
82263;31/12/2005;0000;378.1;32.683871;23.606452;85.798387;
82263;31/01/2006;0000;349.1;32.583871;23.522581;87.120968;
82263;28/02/2006;0000;284.8;32.221429;23.596429;87.357143;
82263;31/03/2006;0000;406.9;32.46129;23.680645;88.935484;
82263;30/04/2006;0000;631.1;32.223333;23.456667;89.508333;
82263;31/05/2006;0000;393.5;32.593548;23.432258;88.975806;
82263;30/06/2006;0000;130.2;33.526667;23.366667;83.683333;
82263;31/07/2006;0000;111.9;33.987097;23.46129;82.669355;
82263;31/08/2006;0000;62.3;34.26129;23.832258;81.040323;
82263;30/09/2006;0000;37.6;34.633333;24.026667;78.941667;
82263;31/10/2006;0000;57.8;34.177419;24.809677;78.475806;
82263;30/11/2006;0000;254.3;33.29;24.146667;82.95;
82263;31/12/2006;0000;267.9;32.935484;24.151613;84.951613;
82263;31/01/2007;0000;82.6;33.319355;24.183871;84.806452;
82263;28/02/2007;0000;651.7;31.332143;23.282143;90.348214;
82263;31/03/2007;0000;449.8;32.609677;23.516129;89.306452;
82263;30/04/2007;0000;321.5;32.763333;23.63;87.116667;
82263;31/05/2007;0000;190.5;33.53871;23.809677;85.532258;
82263;30/06/2007;0000;94.7;33.373333;23.683333;84.1;
82263;31/07/2007;0000;103.7;33.435484;23.625806;84.314516;
82263;31/08/2007;0000;71.4;33.664516;23.393548;82.137097;
82263;30/09/2007;0000;25.8;34.023333;23.876667;79.258333;
82263;31/10/2007;0000;144.3;33.13871;23.754839;79.540323;
82263;30/11/2007;0000;31.3;33.69;24.266667;78.858333;
82263;31/12/2007;0000;236;33.067742;23.616129;83.5;
82263;31/01/2008;0000;402.8;32.677419;23.190323;85.879032;
82263;29/02/2008;0000;376.4;31.603448;23.058621;87.37931;
82263;31/03/2008;0000;413;31.709677;22.993548;88.201613;
82263;30/04/2008;0000;280.3;32.216667;22.973333;88.308333;
82263;31/05/2008;0000;372.2;32.693548;23.216129;87.056452;
82263;30/06/2008;0000;276.8;33.4;23.023333;83.808333;
82263;31/07/2008;0000;79.5;34.654839;23.425806;78.387097;
82263;31/08/2008;0000;38.4;34.822581;23.83871;78.370968;
82263;30/09/2008;0000;134.5;34.176667;23.776667;81.275;
82263;31/10/2008;0000;37.7;34.3;24.119355;77.346774;
82263;30/11/2008;0000;72.3;33.996667;24.253333;77.675;
82263;31/12/2008;0000;161.4;33.087097;23.96129;83.072581;
82263;31/01/2009;0000;286.6;32.532258;23.596774;85.766129;
82263;28/02/2009;0000;327.2;32.114286;23.317857;86.276786;
82263;31/03/2009;0000;579.3;32.187097;23.370968;89.709677;
82263;30/04/2009;0000;385.4;32.083333;23.523333;89.591667;
82263;31/05/2009;0000;524.2;32.080645;23.470968;89.467742;
82263;30/06/2009;0000;345.3;33.333333;23.573333;84.6;
82263;31/07/2009;0000;95.9;33.958065;24.032258;81.620968;
82263;31/08/2009;0000;40;34.696774;24.570968;79.145161;
82263;30/09/2009;0000;28.3;34.35;24.616667;76.25;
82263;31/10/2009;0000;48.5;34.854839;24.609677;73.443548;
82263;30/11/2009;0000;0;34.693333;25.103333;74.45;
82263;31/12/2009;0000;383.2;33.541935;24.183871;83.580645;
82263;31/01/2010;0000;389;32.580645;23.829032;85.169355;
82263;28/02/2010;0000;240.1;33.242857;24.132143;85.25;
82263;31/03/2010;0000;258.7;34.212903;24.354839;84.314516;
82263;30/04/2010;0000;294.5;33.826667;24.383333;87.825;
82263;31/05/2010;0000;366.2;34.006452;24.464516;85.435484;
82263;30/06/2010;0000;70;33.983333;24.05;82.758333;
82263;31/07/2010;0000;136.7;34.116129;23.932258;80.580645;
82263;31/08/2010;0000;170.8;34.412903;24.029032;82.080645;
82263;30/09/2010;0000;11.7;34.163333;24.223333;81.7;
82263;31/10/2010;0000;80.8;34.577419;24.167742;77.443548;
82263;30/11/2010;0000;116.1;34.013333;24.43;78.016667;
82263;31/12/2010;0000;207.1;33.106452;23.725806;83.08871;
82263;31/01/2011;0000;635.1;31.816129;22.735484;87.774194;
82263;28/02/2011;0000;436.4;31.671429;23.067857;89.25;
82263;31/03/2011;0000;355;32.612903;23.016129;88.556452;
82263;30/04/2011;0000;470.2;32.223333;23.036667;89.225;
82263;31/05/2011;0000;300.7;33.019355;23.535484;88.403226;
82263;30/06/2011;0000;108.1;33.573333;23.836667;82.933333;
82263;31/07/2011;0000;142.6;33.625806;23.348387;83.443548;
82263;31/08/2011;0000;81.8;34.293548;24.174194;80.887097;
82263;30/09/2011;0000;58.9;33.94;23.896667;79.325;
82263;31/10/2011;0000;46.3;34.26129;24.174194;76.564516;
82263;30/11/2011;0000;118.2;33.65;24.32;80.933333;
82263;31/12/2011;0000;57;33.316129;24.609677;78.693548;
82263;31/01/2012;0000;213.5;32.46129;23.429032;83.508065;
82263;29/02/2012;0000;454.1;32.065517;22.717241;88.12931;
82263;31/03/2012;0000;293.6;32.651613;23.183871;87.58871;
82263;30/04/2012;0000;375.1;33.073333;23.416667;87.425;
82263;31/05/2012;0000;187.1;33.306452;23.583871;85.091667;
82263;30/06/2012;0000;101.7;33.256667;23.396667;81.908333;
82263;31/07/2012;0000;94.3;33.474194;23.6;83.016667;
82263;31/08/2012;0000;63.3;33.667742;23.580645;83.33871;
82263;30/09/2012;0000;17.3;33.82;23.706667;76.883333;
82263;31/10/2012;0000;53.8;33.829032;23.845161;74.903226;
82263;30/11/2012;0000;3.4;34.5;24.276667;72.616667;
82263;31/12/2012;0000;322.8;33.445161;23.819355;81.025;
82263;31/01/2013;0000;291;32.583871;23.654839;85.895161;
82263;28/02/2013;0000;394.4;32.657143;23.15;85.955357;
82263;31/03/2013;0000;386.3;32.496774;23.954839;87.395161;
82263;30/04/2013;0000;446.5;32.896667;23.723333;86.425;
82263;31/05/2013;0000;381.3;33.06129;23.567742;84.774194;
82263;30/06/2013;0000;205.5;33.213333;23.766667;83.191667;
82263;31/07/2013;0000;150.1;33.112903;22.941935;85.185484;
82263;31/08/2013;0000;67.8;34.196774;23.922581;82.451613;
82263;30/09/2013;0000;53.6;33.936667;23.86;80.458333;
82263;31/10/2013;0000;39.8;34.332258;24.083871;78.193548;
82263;30/11/2013;0000;173;33.39;24.063333;81.691667;
82263;31/12/2013;0000;44.9;33.567742;24.26129;81.637097;
82263;31/01/2014;0000;476;32.425806;23.241935;85.782258;
82263;28/02/2014;0000;349.7;31.885714;23.364286;88.535714;
82263;31/03/2014;0000;448;32.177419;23.535484;88.379032;
82263;30/04/2014;0000;404.2;32.856667;23.766667;87.475;
82263;31/05/2014;0000;360.2;32.777419;23.754839;87.137097;
82263;30/06/2014;0000;176.2;33.75;24.056667;83.283333;
82263;31/07/2014;0000;181.8;33.267742;23.612903;82.419355;
82263;31/08/2014;0000;63.1;33.719355;23.848387;80.580645;
82263;30/09/2014;0000;42.5;33.816667;23.906667;79.7;
82263;31/10/2014;0000;25.5;34.229032;24.135484;78.080645;
82263;30/11/2014;0000;84.7;34.403333;24.316667;76.241667;
82263;31/12/2014;0000;99.9;33.690323;24.406452;79.798387;
82263;31/01/2015;0000;240.7;32.470968;23.141935;84.540323;
82263;28/02/2015;0000;287.5;32.053571;23.107143;86.821429;
82263;31/03/2015;0000;290.9;31.983871;23.36129;88.072581;
82263;30/04/2015;0000;540.3;32.54;23.27;88.366667;
82263;31/05/2015;0000;268.6;33.312903;23.832258;85.540323;
82263;30/06/2015;0000;186.1;33.173333;23.866667;84.191667;
82263;31/07/2015;0000;144;33.390323;24.003226;82.596774;
82263;31/08/2015;0000;41.1;33.851613;24.277419;80.516129;
82263;30/09/2015;0000;39.6;33.903333;24.386667;77.575;
82263;31/10/2015;0000;2.2;34.770968;24.4;72.919355;
82263;30/11/2015;0000;18.8;34.696667;24.826667;74.583333;
82263;31/12/2015;0000;51.5;34.319355;24.606452;77.620968;
