--------------------
BDMEP - INMET
--------------------
Estação           : CAMPOS - RJ (OMM: 83698)
Latitude  (graus) : -21.74
Longitude (graus) : -41.33
Altitude  (metros): 11.20
Estação Operante
Inicio de operação: 17/06/1911
Periodo solicitado dos dados: 01/01/2000 a 01/01/2016
Os dados listados abaixo são os que encontram-se digitados no BDMEP
Hora em UTC
--------------------
Obs.: Os dados aparecem separados por ; (ponto e vírgula) no formato txt.
      Para o formato planilha XLS, siga as instruções
--------------------
Estacao;Data;Hora;PrecipitacaoTotal;TempMaximaMedia;TempMinimaMedia;UmidadeRelativaMedia;
83698;31/01/2000;0000;82.2;31.377419;23.109677;78.072581;
83698;29/02/2000;0000;54.7;31.489655;23.434483;78.913793;
83698;31/03/2000;0000;66.9;31.248387;23.183871;77.725806;
83698;30/04/2000;0000;47.9;30.123333;21.76;76.933333;
83698;31/05/2000;0000;19.3;28.122581;19.258065;75.354839;
83698;30/06/2000;0000;3;28.386667;18.063333;76.633333;
83698;31/07/2000;0000;6.2;26.380645;17.390323;75.967742;
83698;31/08/2000;0000;29.2;27.735484;17.848387;75.604839;
83698;30/09/2000;0000;75.2;26.393333;19.266667;81.116667;
83698;31/10/2000;0000;60.8;30.787097;21.574194;76.387097;
83698;30/11/2000;0000;186.1;29.276667;21.826667;80.35;
83698;31/12/2000;0000;57.4;31.396774;22.967742;77.169355;
83698;31/01/2001;0000;78.6;32.774194;23.241935;74.540323;
83698;28/02/2001;0000;13;35.078571;24.271429;72.473214;
83698;31/03/2001;0000;43.7;34.345161;23.496774;74.975806;
83698;30/04/2001;0000;51.8;32.406667;22.353333;76.058333;
83698;31/05/2001;0000;65.3;29.074194;19.916129;78.645161;
83698;30/06/2001;0000;37.8;28.37;19.57;80.791667;
83698;31/07/2001;0000;0;;;;
83698;31/10/2001;0000;;27.260714;20.290909;80.37;
83698;30/11/2001;0000;;29.027586;22.563333;85.107143;
83698;31/12/2001;0000;;30.425926;22.953571;80.93;
83698;31/01/2002;0000;;31.91;23.496774;81.068966;
83698;28/02/2002;0000;;30.883333;23.211111;82.967391;
83698;31/03/2002;0000;;33.813793;23.780645;76.982759;
83698;30/04/2002;0000;;32.166667;22.55;77.775862;
83698;31/05/2002;0000;35.3;30.487097;21.396774;76.596774;
83698;30/06/2002;0000;44.6;29.116667;20.136667;79.908333;
83698;31/07/2002;0000;21.8;26.322581;18.987097;78.887097;
83698;31/08/2002;0000;24;29.390323;20.064516;76.008065;
83698;30/09/2002;0000;147.2;26.266667;18.956667;77.85;
83698;31/10/2002;0000;25;31.051613;21.264516;73.516129;
83698;30/11/2002;0000;76.7;31.18;22.44;73.108333;
83698;31/12/2002;0000;186.8;31.609677;23.596774;78.403226;
83698;31/01/2003;0000;198.8;32.532258;23.919355;79.822581;
83698;28/02/2003;0000;17.8;34.814286;23.9;72.625;
83698;31/03/2003;0000;54.4;33.86129;23.664516;74.112903;
83698;30/04/2003;0000;78.1;31.57;22.183333;74.608333;
83698;31/05/2003;0000;100.1;28.629032;19.206452;77.209677;
83698;30/06/2003;0000;0;29.77;18.743333;75.916667;
83698;31/07/2003;0000;47.1;27.854839;17.274194;77.629032;
83698;31/08/2003;0000;46.1;26.53871;17.483871;76.419355;
83698;30/09/2003;0000;42.3;27.153333;18.962069;76.55;
83698;31/10/2003;0000;83.3;28.725806;20.03;74.830645;
83698;30/11/2003;0000;78.9;30.343333;21.803333;75.85;
83698;31/12/2003;0000;145.8;31.345161;23.003226;78.379032;
83698;31/01/2004;0000;169.3;30.316129;22.564516;80.346774;
83698;29/02/2004;0000;90.8;31.244828;22.62069;78.586207;
83698;31/03/2004;0000;129.8;31.370968;22.283871;78.653226;
83698;30/04/2004;0000;92;30.773333;22.03;81.366667;
83698;31/05/2004;0000;53.4;28.483871;19.396774;78.556452;
83698;30/06/2004;0000;27.8;27.343333;17.88;80.016667;
83698;31/07/2004;0000;76.2;25.506452;16.993548;81.362903;
83698;31/08/2004;0000;15.7;27.653333;17.926667;75.008621;
83698;30/09/2004;0000;1.2;29.263333;19.573333;71.625;
83698;31/10/2004;0000;61.7;28.696774;20.867742;74.629032;
83698;30/11/2004;0000;83.1;29.913333;21.58;73.258333;
83698;31/12/2004;0000;327.2;30.622581;22.758065;81.516129;
83698;31/01/2005;0000;237.6;31.670968;23.5;77.943548;
83698;28/02/2005;0000;79.2;32.267857;22.878571;75.5;
83698;31/03/2005;0000;198.4;31.874194;23.809677;79.370968;
83698;30/04/2005;0000;81;31.68;22.996667;78.658333;
83698;31/05/2005;0000;73.5;28.922581;20.951613;79.951613;
83698;30/06/2005;0000;118.8;28.133333;19.223333;82.391667;
83698;31/07/2005;0000;58.1;26.264516;17.703226;79.274194;
83698;31/08/2005;0000;8;29.051613;19.612903;76.733871;
83698;30/09/2005;0000;149.1;26.86;20.086667;79.15;
83698;31/10/2005;0000;37.2;31.129032;22.158065;74.258065;
83698;30/11/2005;0000;221.1;28.64;21.173333;79.2;
83698;31/12/2005;0000;286.1;30.129032;21.641935;76.193548;
83698;31/01/2006;0000;113;33.180645;23.5;71.887097;
83698;28/02/2006;0000;81.5;34.282143;24.385714;71.705357;
83698;31/03/2006;0000;113.4;32.793548;23.9;76.419355;
83698;30/04/2006;0000;105.5;30.696667;21.903333;77.4;
83698;31/05/2006;0000;18.4;28.109677;18.23871;73.233871;
83698;30/06/2006;0000;14.3;27.02;17.146667;75.033333;
83698;31/07/2006;0000;19.4;28.574194;16.870968;75.362903;
83698;31/08/2006;0000;41.4;28.2;18.919355;75.08871;
83698;30/09/2006;0000;39.4;27.36;18.963333;73.883333;
83698;31/10/2006;0000;122.9;28.412903;20.887097;78.959677;
83698;30/11/2006;0000;175.6;29.176667;21.983333;78.816667;
83698;31/12/2006;0000;131.8;30.922581;23.203226;77.75;
83698;31/01/2007;0000;412.3;30.335484;23.206452;82.620968;
83698;28/02/2007;0000;67;31.896429;23.446429;74.660714;
83698;31/03/2007;0000;70.9;34.167742;23.693548;70.822581;
83698;30/04/2007;0000;70.8;31.286667;22.073333;78.841667;
83698;31/05/2007;0000;134.7;28.23871;18.83871;74.120968;
83698;30/06/2007;0000;7.6;28.48;18.683333;76.791667;
83698;31/07/2007;0000;19.8;27.703226;18.664516;74.629032;
83698;31/08/2007;0000;3.7;28.593548;18.906452;73.927419;
83698;30/09/2007;0000;28.6;28.313333;20.740741;72.7;
83698;31/10/2007;0000;120.2;29.877419;21.367742;73.024194;
83698;30/11/2007;0000;116.5;29.696667;21.953333;78.083333;
83698;31/12/2007;0000;139.5;31.870968;23.63871;75.467742;
83698;31/01/2008;0000;224.5;29.967742;22.487097;77.193548;
83698;29/02/2008;0000;130.9;31.717241;23.262069;78.956897;
83698;31/03/2008;0000;119.1;32.36129;23.628571;;
83698;30/04/2008;0000;20.5;31.353333;21.89;;
83698;31/05/2008;0000;22.2;28.948387;19.970968;75.145161;
83698;30/06/2008;0000;43.1;27.273333;18.28;77.616667;
83698;31/07/2008;0000;8.2;27.832258;16.1;75.266129;
83698;31/08/2008;0000;3.5;29.180645;18.716129;74.201613;
83698;30/09/2008;0000;63.8;27.746667;18.348276;73.966667;
83698;31/10/2008;0000;60.7;29.03871;20.967742;78.620968;
83698;30/11/2008;0000;526.2;28.313333;21.35;81.533333;
83698;31/12/2008;0000;370.9;28.974194;22.225806;80.806452;
83698;31/01/2009;0000;136.8;31.290323;23.370968;79.153226;
83698;28/02/2009;0000;51.6;33.507143;24.171429;74.303571;
83698;31/03/2009;0000;114.7;33.03871;23.722581;76.072581;
83698;30/04/2009;0000;120;30.2;21.533333;75.775;
83698;31/05/2009;0000;28.8;29.109677;19.648387;75.83871;
83698;30/06/2009;0000;36.4;26.76;17.353333;76.583333;
83698;31/07/2009;0000;26.5;27.212903;18.325806;77.758065;
83698;31/08/2009;0000;13.7;27.625806;18.625806;75.637097;
83698;30/09/2009;0000;33.9;29.7;20.516667;77.425;
83698;31/10/2009;0000;221.1;29.387097;21.254839;77.524194;
83698;30/11/2009;0000;73.3;33.14;23.276667;74.041667;
83698;31/12/2009;0000;151.4;32.103226;23.477419;77.846774;
83698;31/01/2010;0000;18.8;34.283871;24.516129;69.806452;
83698;28/02/2010;0000;54.8;34.592857;24.860714;69.375;
83698;31/03/2010;0000;115.3;33.2;24;77.306452;
83698;30/04/2010;0000;41.6;30.76;21.57;76.375;
83698;31/05/2010;0000;31.2;29.122581;19.5;77.758065;
83698;30/06/2010;0000;26.5;26.846667;16.536667;76.225;
83698;31/07/2010;0000;53.8;27.380645;18.490323;80.129032;
83698;31/08/2010;0000;7.2;27.864516;17.080645;72.556452;
83698;30/09/2010;0000;8.8;29.043333;19.14;73.441667;
83698;31/10/2010;0000;99.8;29.083871;20.280645;72.596774;
83698;30/11/2010;0000;127.4;29.553333;21.296667;80.025;
83698;31/12/2010;0000;85.3;32.735484;23.8;75.217742;
83698;31/01/2011;0000;120.2;33.025806;23.654839;74.16129;
83698;28/02/2011;0000;5.3;34.321429;24.15;69.633929;
83698;31/03/2011;0000;192.3;30.658065;23.135484;80.701613;
83698;30/04/2011;0000;28.4;30.873333;22.456667;76.533333;
83698;31/05/2011;0000;42.1;28.03871;18.554839;74.790323;
83698;30/06/2011;0000;9;26.966667;17.403333;74.591667;
83698;31/07/2011;0000;3.1;27.619355;16.864516;73.072581;
83698;31/08/2011;0000;20.2;29.187097;18.5;72.629032;
83698;30/09/2011;0000;12.1;27.973333;17.85;67.808333;
83698;31/10/2011;0000;102.5;28.709677;20.270968;77.225806;
83698;30/11/2011;0000;96.4;28.046667;19.723333;74.533333;
83698;31/12/2011;0000;109.9;29.948387;22.254839;79.975806;
83698;31/01/2012;0000;203.3;30.729032;22.329032;76.653226;
83698;29/02/2012;0000;17.9;32.806897;22.8;71.793103;
83698;31/03/2012;0000;90.2;32.709677;22.777419;75.709677;
83698;30/04/2012;0000;11.6;31.346667;22.213333;76.316667;
83698;31/05/2012;0000;176.1;27.393548;18.658065;80.145161;
83698;30/06/2012;0000;95.2;28.24;19.64;80.333333;
83698;31/07/2012;0000;6.9;28.6;17.925806;73.298387;
83698;31/08/2012;0000;59.6;27.335484;18.177419;75.806452;
83698;30/09/2012;0000;21.7;28.406667;18.413333;71;
83698;31/10/2012;0000;6.1;31.367742;21.116129;69.225806;
83698;30/11/2012;0000;159;28.933333;21.543333;78.566667;
83698;31/12/2012;0000;14;34.580645;24.254839;70.653226;
83698;31/01/2013;0000;136.5;32.019355;23.306452;73.669355;
83698;28/02/2013;0000;49.9;33.121429;23.739286;72.723214;
83698;31/03/2013;0000;215;31.793548;23.329032;77.435484;
83698;30/04/2013;0000;50;29.34;21.016667;76.366667;
83698;31/05/2013;0000;46.1;28.477419;19.280645;78.072581;
83698;30/06/2013;0000;9.6;28.473333;19.306667;80.208333;
83698;31/07/2013;0000;100.3;27.058065;17.864516;79.137097;
83698;31/08/2013;0000;75.3;28.23871;17.741935;75.790323;
83698;30/09/2013;0000;53.3;28.106667;19.293333;75.941667;
83698;31/10/2013;0000;20.9;28.916129;20.477419;74.866667;
83698;30/11/2013;0000;186.1;29.506897;21.289655;76.793103;
83698;31/12/2013;0000;234.1;30.56129;23.167742;81.943548;
83698;31/01/2014;0000;23.3;33.458065;23.516129;71.491935;
83698;28/02/2014;0000;5.8;33.971429;23.846429;68.089286;
83698;31/03/2014;0000;143.8;32.316129;23.145161;74.443548;
83698;30/04/2014;0000;112.1;30.546667;21.823333;78.033333;
83698;31/05/2014;0000;2.1;29.135484;19.967742;74.870968;
83698;30/06/2014;0000;26.7;28.193333;19.116667;78.483333;
83698;31/07/2014;0000;167.6;26.154839;18.274194;79.41129;
83698;31/08/2014;0000;13.5;27.341935;17.3;76.282258;
83698;30/09/2014;0000;4.1;29.033333;19.256667;68.375;
83698;31/10/2014;0000;24.4;29.309677;19.725806;70.387097;
83698;30/11/2014;0000;98.8;30.286667;21.993333;70.325;
83698;31/12/2014;0000;53.8;33.380645;23.193548;69.225806;
83698;31/01/2015;0000;0;35.883871;24.048387;64.298387;
83698;28/02/2015;0000;49.5;35.007143;24.096429;69.839286;
83698;31/03/2015;0000;144.4;33.248387;23.870968;73.233871;
83698;30/04/2015;0000;43.5;30.87;21.75;73.858333;
83698;31/05/2015;0000;113.6;27.406452;19.448387;80.209677;
83698;30/06/2015;0000;45.4;27.38;18.686667;78.983333;
83698;31/07/2015;0000;15;28.303226;19.335484;77.75;
83698;31/08/2015;0000;33.4;28.683871;18.574194;74.548387;
83698;30/09/2015;0000;83.2;29.533333;20.496667;76.55;
83698;31/10/2015;0000;69.3;30.348387;21.703226;72.637097;
83698;30/11/2015;0000;104.7;30.903333;23.486667;78.475;
83698;31/12/2015;0000;107.4;32.596774;23.735484;74.846774;
