--------------------
BDMEP - INMET
--------------------
Estação           : CAMPOS SALES - CE (OMM: 82777)
Latitude  (graus) : -7
Longitude (graus) : -40.38
Altitude  (metros): 583.50
Estação Operante
Inicio de operação: 01/06/1960
Periodo solicitado dos dados: 01/01/2000 a 01/01/2016
Os dados listados abaixo são os que encontram-se digitados no BDMEP
Hora em UTC
--------------------
Obs.: Os dados aparecem separados por ; (ponto e vírgula) no formato txt.
      Para o formato planilha XLS, siga as instruções
--------------------
Estacao;Data;Hora;PrecipitacaoTotal;TempMaximaMedia;TempMinimaMedia;UmidadeRelativaMedia;
82777;31/01/2000;0000;29.2;30.251613;20.367742;72.524194;
82777;29/02/2000;0000;162.1;29.751724;20.048276;77.974138;
82777;31/03/2000;0000;116.1;29.23871;19.535484;80.129032;
82777;30/04/2000;0000;87;29.093333;19.746667;80.816667;
82777;31/05/2000;0000;2.2;30.390323;19.129032;68.516129;
82777;30/06/2000;0000;0.2;29.62;19.626667;;
82777;31/07/2000;0000;5.8;29.864516;19.235484;;
82777;31/08/2000;0000;6.4;31.212903;19.296774;;
82777;30/09/2000;0000;15.5;32.113333;20.446667;;
82777;31/03/2001;0000;86.9;30.529032;20.187097;;
82777;30/09/2001;0000;2;;;;
82777;31/10/2001;0000;37.2;33.767742;21.922581;43.403226;
82777;30/11/2001;0000;0;33.92;22.46;49.483333;
82777;31/12/2001;0000;72.6;32.072414;21.685714;59.361111;
82777;31/01/2002;0000;154.3;28.42069;20.07;83.285714;
82777;28/02/2002;0000;11.8;31.022222;19.984615;71.788462;
82777;31/03/2002;0000;76.3;30.233333;20.119355;76.163793;
82777;30/04/2002;0000;54.2;30.013793;19.813333;73.568966;
82777;31/05/2002;0000;21;30.96;20.026667;66.691667;
82777;30/06/2002;0000;3;30.53;19.683333;60.991667;
82777;31/07/2002;0000;3.2;31.103226;19.483871;52.024194;
82777;31/08/2002;0000;0.2;31.39;19.251613;51.658333;
82777;30/09/2002;0000;10.7;32.9;20.613333;45.166667;
82777;31/10/2002;0000;0;34.154839;21.76129;41.346774;
82777;30/11/2002;0000;12;34.086667;22.086667;42.333333;
82777;31/12/2002;0000;40.7;33.006452;22.222581;55.798387;
82777;31/01/2003;0000;56.1;32.4;21.670968;57.782258;
82777;28/02/2003;0000;82.7;30.464286;21.464286;69.089286;
82777;31/03/2003;0000;224.2;29.458065;20.251613;77.370968;
82777;30/04/2003;0000;101.8;29.826667;19.953333;77.091667;
82777;31/05/2003;0000;33.4;30.006452;19.612903;71.75;
82777;30/06/2003;0000;0;30.273333;19.553333;56.633333;
82777;31/07/2003;0000;0.8;30.03871;18.980645;53.024194;
82777;31/08/2003;0000;3.6;32.058065;19.864516;45.983871;
82777;30/09/2003;0000;0;32.98;20.54;41.725;
82777;31/10/2003;0000;0;34.122581;21.619355;39.217742;
82777;30/11/2003;0000;26.6;33.933333;22.493333;44.716667;
82777;31/12/2003;0000;6.6;33.890323;22.716129;46.540323;
82777;31/01/2004;0000;332.5;29.645161;21.541935;72.814516;
82777;29/02/2004;0000;291.5;28.482759;20.234483;79.706897;
82777;31/03/2004;0000;67.7;29.045161;19.877419;77.282258;
82777;30/04/2004;0000;74.9;29.38;20.133333;77.758333;
82777;31/05/2004;0000;32.4;29.374194;19.296774;72.379032;
82777;30/06/2004;0000;1.5;28.513333;18.62;65.25;
82777;31/07/2004;0000;2.6;29.483871;18.6;57.741935;
82777;31/08/2004;0000;0;30.903226;19.335484;49.782258;
82777;30/09/2004;0000;0;32.086667;20.14;45.075;
82777;31/10/2004;0000;6.6;33.864516;21.393548;41.782258;
82777;30/11/2004;0000;1.5;34.033333;21.646667;43.416667;
82777;31/12/2004;0000;64.8;33.451613;22.16129;50.330645;
82777;31/01/2005;0000;122.1;31;21.322581;68.080645;
82777;28/02/2005;0000;62.4;30.885714;21.257143;71.830357;
82777;31/03/2005;0000;109.3;30.470968;21.019355;76.048387;
82777;30/04/2005;0000;17.2;31;20.266667;72.825;
82777;31/05/2005;0000;29.6;29.677419;20.129032;70.935484;
82777;30/06/2005;0000;0.3;30.053333;20.013333;61.041667;
82777;31/07/2005;0000;0;29.703226;19.141935;60.677419;
82777;31/08/2005;0000;0;30.666667;19.366667;51.48913;
82777;30/09/2005;0000;0;32.753333;19.893333;45.966667;
82777;31/10/2005;0000;0;34.258065;21.058065;40.774194;
82777;31/12/2005;0000;153.9;31.412903;20.716129;64.387097;
82777;31/01/2006;0000;26.4;32.76129;20.954839;58.612903;
82777;28/02/2006;0000;102;29.535714;20.571429;80.37037;
82777;31/03/2006;0000;110.8;29.303226;20.148387;83.322581;
82777;30/04/2006;0000;98.3;28.453333;19.56;87.875;
82777;31/05/2006;0000;50.9;28.83871;18.670968;82.677419;
82777;30/06/2006;0000;0.1;28.706667;18.506667;69.37931;
82777;31/08/2006;0000;0;30.993548;18.43871;52.064516;
82777;30/09/2006;0000;0.2;32.78;19.72;49.933333;
82777;31/10/2006;0000;3.8;33.935484;21.093333;47.8;
82777;30/11/2006;0000;0.3;33.92;21.373333;48.533333;
82777;31/12/2006;0000;25.2;33.941935;21.909677;51.580645;
82777;31/01/2007;0000;38.8;32.96129;21.406452;63.225806;
82777;28/02/2007;0000;282;29.25;19.828571;83.892857;
82777;31/03/2007;0000;125.5;29.03871;19.23871;83.677419;
82777;30/04/2007;0000;113.7;30.086667;19.146667;82.866667;
82777;31/05/2007;0000;4;29.980645;18.290323;76.903226;
82777;30/06/2007;0000;0;30.08;18.213333;65.137931;
82777;31/08/2007;0000;2;30.245161;17.754839;56.354839;
82777;30/09/2007;0000;0;31.82;18.786667;50.366667;
82777;31/10/2007;0000;0.1;33.76129;20.225806;47.096774;
82777;30/11/2007;0000;2.4;34.326667;21.013333;46.6;
82777;31/12/2007;0000;71;33.086667;20.893333;57.9;
82777;31/01/2008;0000;72.3;31.4;20.470968;69.774194;
82777;29/02/2008;0000;217.1;29.675862;18.717241;80.862069;
82777;31/03/2008;0000;312.5;28.490323;18.819355;88.741935;
82777;30/04/2008;0000;106.7;29.033333;19.04;87.633333;
82777;31/05/2008;0000;14.3;28.76129;18.290323;80.225806;
82777;30/06/2008;0000;0;28.873333;16.826667;74.966667;
82777;31/08/2008;0000;0.8;31.012903;18.064516;58.419355;
82777;30/09/2008;0000;0;33.746667;19.56;50.433333;
82777;31/10/2008;0000;0;34.56129;20.612903;46.193548;
82777;30/11/2008;0000;0.4;35.34;21.468966;47.689655;
82777;31/12/2008;0000;72.6;33.380645;21.432258;59.655172;
82777;31/01/2009;0000;78;32.870968;20.73871;63.193548;
82777;28/02/2009;0000;120.9;29.6;19.785714;83.384615;
82777;31/03/2009;0000;76;30.458065;19.651613;85.033333;
82777;30/04/2009;0000;244.1;28.373333;19.173333;91;
82777;31/05/2009;0000;109.3;27.941935;18.741935;87.677419;
82777;30/06/2009;0000;22.5;28.186667;17.34;81.266667;
82777;31/07/2009;0000;36.2;28.967742;17.025806;72.548387;
82777;31/08/2009;0000;0.8;30.109677;17.722581;64;
82777;30/09/2009;0000;0;33.3;19.006667;50.866667;
82777;31/10/2009;0000;3.7;33.233333;20.2;51.869565;
82777;30/11/2009;0000;9.9;34.066667;20.353333;51.933333;
82777;31/12/2009;0000;86.2;32.212903;20.23871;62.225806;
82777;31/01/2010;0000;67.5;30.63871;19.187097;74.064516;
82777;28/02/2010;0000;69.1;32.085714;20.585714;68.107143;
82777;31/03/2010;0000;177.1;32.645161;20.503226;67.322581;
82777;30/04/2010;0000;236.8;29.7;19.526667;86.566667;
82777;31/05/2010;0000;0.4;;;;
82777;30/06/2010;0000;6;29.286667;18.266667;80;
82777;31/07/2010;0000;1.7;29.612903;17.645161;71.677419;
82777;31/08/2010;0000;0;30.43871;17.374194;65.677419;
82777;30/09/2010;0000;0;31.94;18.286667;61.172414;
82777;31/10/2010;0000;53.7;33.329032;19.903226;66.483871;
82777;30/11/2010;0000;0;33.773333;19.9;60.758621;
82777;31/12/2010;0000;201.2;29.767742;19.058065;81.322581;
82777;31/01/2011;0000;86.3;29.690323;18.354839;85.741935;
82777;28/02/2011;0000;106.4;28.085714;18.392857;91.535714;
82777;31/03/2011;0000;240.2;29.025806;18.341935;93.322581;
82777;30/04/2011;0000;56.5;29.446667;18.093333;91.666667;
82777;31/05/2011;0000;55.3;28.193548;17.864516;86.645161;
82777;30/06/2011;0000;4.9;29.193333;16.933333;84.9;
82777;31/07/2011;0000;1.3;;;;
82777;31/08/2011;0000;9.6;31.025806;17.167742;73.354839;
82777;30/09/2011;0000;0;31.46;17.733333;67.2;
82777;31/10/2011;0000;16.2;32.83871;19.367742;71;
82777;30/11/2011;0000;52;31.073333;18.993333;79.366667;
82777;31/12/2011;0000;15.2;32.548387;19.212903;77.967742;
82777;31/01/2012;0000;16.8;31.832258;20.154839;74.895161;
82777;29/02/2012;0000;169.4;30.337931;19.048276;80.767241;
82777;31/03/2012;0000;118.2;30.093548;18.548387;83.637097;
82777;30/04/2012;0000;2.1;32.136667;18.306667;79.191667;
82777;31/05/2012;0000;1.6;32.119355;18.977419;73.629032;
82777;30/06/2012;0000;7.6;31.42;18.293333;73.733333;
82777;31/07/2012;0000;0;30.587097;17.996774;70.274194;
82777;31/08/2012;0000;0;30.664516;17.232258;61.564516;
82777;30/09/2012;0000;0;33.153333;18.623333;50.8;
82777;31/10/2012;0000;0;33.96129;19.76129;53.072581;
82777;30/11/2012;0000;0;33.78;20.483333;58.683333;
82777;31/12/2012;0000;15.5;33.574194;20.954839;65.354839;
82777;31/01/2013;0000;151.3;31.458065;19.716129;80.967742;
82777;28/02/2013;0000;28;32.214286;20.092857;81.9375;
82777;31/03/2013;0000;84.1;32.403226;20.309677;77.629032;
82777;30/04/2013;0000;81.4;30.12;18.886667;81.575;
82777;31/05/2013;0000;9;31.190323;18.458065;74.532258;
82777;30/06/2013;0000;2.2;31.436667;18.513333;64.958333;
82777;31/07/2013;0000;14.4;30.53871;17.529032;57.814516;
82777;31/08/2013;0000;0;31.996774;18.341935;51.306452;
82777;30/09/2013;0000;2.4;33.77;18.923333;46.533333;
82777;31/10/2013;0000;1.7;33.845161;19.851613;53.427419;
82777;30/11/2013;0000;25.5;32.52;20.04;65.975;
82777;31/12/2013;0000;40.7;32.16129;20.032258;68.258065;
82777;31/01/2014;0000;41.7;32.274194;19.787097;63.129032;
82777;28/02/2014;0000;57.2;30.064286;19.382143;74.259259;
82777;31/03/2014;0000;137.1;29.570968;18.877419;83.741935;
82777;30/04/2014;0000;59.3;29.893333;18.473333;78.408333;
82777;31/05/2014;0000;6.6;30.612903;18.316129;74.951613;
82777;30/06/2014;0000;4;30.39;17.753333;57.883333;
82777;31/07/2014;0000;14.8;30.487097;17.303226;58.384615;
82777;31/08/2014;0000;0;31.345161;17.445161;46.532258;
82777;30/09/2014;0000;3.2;33.26;18.706667;43.041667;
82777;31/10/2014;0000;26.7;32.796774;19.312903;49.064516;
82777;30/11/2014;0000;92.8;32.496667;19.48;54.375;
82777;31/12/2014;0000;23;32.045161;21;56.459677;
82777;31/01/2015;0000;19.7;33.212903;21.245161;54.403226;
82777;28/02/2015;0000;74.8;31.414286;20.767857;64.892857;
82777;31/03/2015;0000;195.2;30.43871;20.096774;74.524194;
82777;30/04/2015;0000;41.6;30.646667;19.596667;73.766667;
82777;31/05/2015;0000;89.1;30.354839;19.751613;72.548387;
82777;30/06/2015;0000;17.1;30.34;19.053333;61.058333;
82777;31/07/2015;0000;18.1;30.341935;18.877419;62.185484;
82777;31/08/2015;0000;0;32.564516;18.851613;45.153226;
82777;30/09/2015;0000;1.5;34.673333;20.323333;41.791667;
82777;31/10/2015;0000;9.7;34.729032;21.083871;41.177419;
82777;30/11/2015;0000;10.4;35.126667;21.372414;44.808333;
82777;31/12/2015;0000;30.6;34.7;21.86;51.629032;
