--------------------
BDMEP - INMET
--------------------
Estação           : CAPARAO - MG (OMM: 83639)
Latitude  (graus) : -20.51
Longitude (graus) : -41.9
Altitude  (metros): 843.18
Estação Operante
Inicio de operação: 17/11/1972
Periodo solicitado dos dados: 01/01/2000 a 01/01/2016
Os dados listados abaixo são os que encontram-se digitados no BDMEP
Hora em UTC
--------------------
Obs.: Os dados aparecem separados por ; (ponto e vírgula) no formato txt.
      Para o formato planilha XLS, siga as instruções
--------------------
Estacao;Data;Hora;PrecipitacaoTotal;TempMaximaMedia;TempMinimaMedia;UmidadeRelativaMedia;
83639;31/01/2000;0000;358.4;28.525806;18.651613;82.475806;
83639;29/02/2000;0000;82;29.175862;18.382759;82.092593;
83639;31/03/2000;0000;214;27.6;18.035484;86.733871;
83639;30/04/2000;0000;23.2;27.373333;15.333333;83.533333;
83639;31/05/2000;0000;9.5;25.645161;12.803226;83.125;
83639;30/06/2000;0000;28.9;25.416667;9.796667;82.166667;
83639;31/07/2000;0000;5.7;23.545161;10.706452;83.403226;
83639;31/08/2000;0000;42.5;26.477419;11.222581;78.241935;
83639;30/09/2000;0000;40.6;25.273333;14.98;81.9;
83639;31/10/2000;0000;131.4;30.56129;15.941935;74.75;
83639;30/11/2000;0000;171.6;27.17;17.513333;81.175;
83639;31/12/2000;0000;303.8;29.032258;18.432258;79.298387;
83639;31/01/2001;0000;244.8;29.619355;18.274194;79.016129;
83639;28/02/2001;0000;92.6;31.528571;18.128571;76.392857;
83639;31/03/2001;0000;87.2;30.351613;17.56129;78.427419;
83639;30/04/2001;0000;67;29.343333;15.246667;77.818966;
83639;31/05/2001;0000;50.4;26.890323;13.216129;80.959677;
83639;30/06/2001;0000;8.5;26.02;12.096667;81.333333;
83639;31/07/2001;0000;0.8;26.222581;10.029032;78.266129;
83639;31/08/2001;0000;0.5;26.332258;10.248387;75.458333;
83639;30/09/2001;0000;30.4;26.736667;13.823333;75.3;
83639;31/10/2001;0000;91;26.977419;15.448387;77.290323;
83639;30/11/2001;0000;363.6;28.773333;18.233333;81.191667;
83639;31/12/2001;0000;204.4;28.041935;18.122581;78.25;
83639;31/01/2002;0000;195.5;28.98;18.43871;81.080645;
83639;28/02/2002;0000;264.8;27.460714;18.325;83.142857;
83639;31/03/2002;0000;95.7;29.470968;17.777419;78.645161;
83639;30/04/2002;0000;6.8;28.813793;14.886667;77.3;
83639;31/05/2002;0000;26.8;25.983333;15.083871;83.322581;
83639;30/06/2002;0000;3.1;25.863333;11.383333;83.008333;
83639;31/07/2002;0000;5.7;24.441935;12.180645;81.564516;
83639;31/08/2002;0000;3.7;26.933333;12.077419;76.208333;
83639;30/09/2002;0000;93;25.073333;14.590323;76.533333;
83639;31/10/2002;0000;53.9;29.067742;16.525806;69.766129;
83639;30/11/2002;0000;253.8;27.423333;17.796667;77.158333;
83639;31/12/2002;0000;395.9;28.170968;19.045161;81.459677;
83639;31/01/2003;0000;629.7;29.558065;18.916129;81.572581;
83639;28/02/2003;0000;22.7;31.225;17.957143;74.089286;
83639;31/03/2003;0000;55.8;29.777419;18.090323;79.024194;
83639;30/04/2003;0000;92.2;28.553333;15.233333;81.058333;
83639;31/05/2003;0000;10.5;25.987097;11.6;79.677419;
83639;30/06/2003;0000;0;26.633333;8.913333;80.283333;
83639;31/07/2003;0000;1.6;23.858065;8.790323;77.241379;
83639;31/08/2003;0000;71.4;24.090323;11.751613;79.583333;
83639;30/09/2003;0000;23.5;25.593333;13.71;77.1;
83639;31/10/2003;0000;67;27.354839;14.874194;70.120968;
83639;30/11/2003;0000;117.8;27.21;17.57931;75.071429;
83639;31/12/2003;0000;8.7;;;;
83639;29/02/2004;0000;266.5;26.496;18.308;83.91;
83639;31/03/2004;0000;150.8;27.351613;16.851613;81.096774;
83639;30/04/2004;0000;87.3;26.403333;16.856667;83.725;
83639;31/05/2004;0000;30.2;24.722581;14.054839;83.645161;
83639;30/06/2004;0000;16.4;22.91;10.3;83.941667;
83639;31/07/2004;0000;29.4;21.512903;11.232258;79.879032;
83639;31/08/2004;0000;16;24.064516;10.435484;77.645161;
83639;30/09/2004;0000;0;27.55;12.88;68.658333;
83639;31/10/2004;0000;58.5;26.463333;15.996667;75.733333;
83639;30/11/2004;0000;102.2;27.176667;17.3;73.35;
83639;31/12/2004;0000;519.6;26.826667;17.753333;82.683333;
83639;31/01/2005;0000;152.6;27.66129;18.9;80.540323;
83639;28/02/2005;0000;301.3;28.271429;17.425;78.8125;
83639;31/03/2005;0000;372.9;27.229032;18.393548;83.153226;
83639;30/04/2005;0000;76.3;27.706897;16.844828;81.577586;
83639;31/05/2005;0000;50.8;24.543333;13.696667;83.458333;
83639;30/06/2005;0000;34;22.872414;12.013793;83.784483;
83639;31/07/2005;0000;15.3;22.251613;10.783871;80.959677;
83639;31/08/2005;0000;49.7;25.146667;12.23;76.35;
83639;30/09/2005;0000;94.9;24.246667;15.456667;78.041667;
83639;31/10/2005;0000;90.1;28.119355;16.074194;73.25;
83639;30/11/2005;0000;213.3;24.65;16.896667;82.291667;
83639;31/12/2005;0000;235.5;25.835484;16.725806;79.653226;
83639;31/01/2006;0000;33.5;29.551613;17.354839;73.129032;
83639;28/02/2006;0000;73;30.914286;18.257143;73.535714;
83639;31/03/2006;0000;205.3;28.141935;18.654839;80.604839;
83639;30/04/2006;0000;114.6;26.226667;16.176667;81.741667;
83639;31/05/2006;0000;8.7;24.406452;11.33871;81.040323;
83639;30/06/2006;0000;5.6;23.42;9.73;80.308333;
83639;31/07/2006;0000;2.4;25.232258;7.583871;78.379032;
83639;31/08/2006;0000;9.5;25.687097;12.503226;72.346774;
83639;30/09/2006;0000;53.1;24.753333;13.67;73.883333;
83639;31/10/2006;0000;138.9;25.316129;16.63871;80.362903;
83639;30/11/2006;0000;286.5;25.76;17.553333;80.758333;
83639;31/12/2006;0000;254.8;27.051613;18.780645;80.758065;
83639;31/01/2007;0000;371.9;27.167742;19.267742;83.282258;
83639;28/02/2007;0000;135.8;28.096429;17.867857;80.544643;
83639;31/03/2007;0000;96.9;29.509677;16.851613;78.153226;
83639;30/04/2007;0000;85.6;27.026667;16.42;82.441667;
83639;31/05/2007;0000;29.3;24.606452;11.748387;81.16129;
83639;30/06/2007;0000;2.7;25.35;9.07;80.216667;
83639;31/07/2007;0000;2.7;24.367742;10.380645;76.637097;
83639;31/08/2007;0000;0.5;26.012903;9.241935;73.072581;
83639;30/09/2007;0000;5.2;26.72;12.253333;71.966667;
83639;31/10/2007;0000;95.7;28.590323;15.941935;71.056452;
83639;30/11/2007;0000;73.2;27.43;17.876667;76.441667;
83639;31/12/2007;0000;316.4;28.76129;17.674194;77.524194;
83639;31/01/2008;0000;236.1;26.741935;17.251613;81;
83639;29/02/2008;0000;180.7;28.5;18.117241;80.293103;
83639;31/03/2008;0000;84.8;28.387097;17.76129;80.580645;
83639;30/04/2008;0000;123.1;27.813333;17.346667;82.15;
83639;31/05/2008;0000;13.4;25.164516;11.383871;81.58871;
83639;30/06/2008;0000;9.4;23.786667;10.893333;83.308333;
83639;31/07/2008;0000;7.4;23.909677;8.029032;78.556452;
83639;31/08/2008;0000;8;25.980645;11.435484;72.558333;
83639;30/09/2008;0000;101.8;25.456667;12.323333;75.330357;
83639;31/10/2008;0000;38.4;27.06129;16.329032;76.225806;
83639;30/11/2008;0000;376.9;25.456667;17.196667;81.175;
83639;31/12/2008;0000;497.7;26.441935;18.064516;82.209677;
83639;31/01/2009;0000;410.2;27.896774;18.725806;80.709677;
83639;28/02/2009;0000;182.7;29.332143;18.528571;79.241071;
83639;31/03/2009;0000;230.6;29.077419;17.948387;80.225806;
83639;30/04/2009;0000;141.8;26.466667;16.363333;81.691667;
83639;31/05/2009;0000;33.2;25.451613;12.987097;80.870968;
83639;30/06/2009;0000;32.2;23.443333;12.21;82.566667;
83639;31/07/2009;0000;34.4;24.903226;12.758065;79.66129;
83639;31/08/2009;0000;47.8;24.4;12.551613;77.967742;
83639;30/09/2009;0000;111.5;27.266667;16.283333;74.708333;
83639;31/10/2009;0000;165.7;26.658065;17.493333;81.225806;
83639;30/11/2009;0000;93.7;29.3;18.49;75.425;
83639;31/12/2009;0000;309.3;27.867742;18.903226;79.467742;
83639;31/01/2010;0000;78.2;30.535484;18.23871;74.814516;
83639;28/02/2010;0000;56;30.967857;18.246429;73.571429;
83639;31/03/2010;0000;251.1;29.009677;18.567742;79.766129;
83639;30/04/2010;0000;58.3;26.673333;15.527586;78.836207;
83639;31/05/2010;0000;93.7;24.977419;13.074194;82.58871;
83639;30/06/2010;0000;2.2;23.523333;8.603333;81.241667;
83639;31/07/2010;0000;11.6;23.793548;10.770968;80.637097;
83639;31/08/2010;0000;14.4;24.903226;8.532258;74.532258;
83639;30/09/2010;0000;25.4;25.89;12.64;72.058333;
83639;31/10/2010;0000;99.6;25.806452;16.103226;77.822581;
83639;30/11/2010;0000;349.4;25.653333;17.506667;82.5;
83639;31/12/2010;0000;479.1;28.490323;18.577419;81.096774;
83639;31/01/2011;0000;66.2;28.941935;18.490323;75.580645;
83639;28/02/2011;0000;140.1;29.85;17.778571;74.758929;
83639;31/03/2011;0000;470.5;26.496774;17.735484;83.959677;
83639;30/04/2011;0000;113.9;26.68;16.526667;81.775;
83639;31/05/2011;0000;2.4;24.283871;11.770968;81.241935;
83639;30/06/2011;0000;15;23.373333;10.86;81.15;
83639;31/07/2011;0000;0.6;23.806452;8.896774;79.341667;
83639;31/08/2011;0000;0;26.374194;12.1;72.322581;
83639;30/09/2011;0000;0.4;26.076667;11.516667;70.175;
83639;31/10/2011;0000;152.8;24.748387;15.929032;77.362903;
83639;30/11/2011;0000;211.7;24.546667;15.466667;79.566667;
83639;31/12/2011;0000;260.4;25.890323;18.006452;83.387097;
83639;31/01/2012;0000;222.3;27.212903;18.309677;79.169355;
83639;29/02/2012;0000;13.7;29.1;16.824138;72.715517;
83639;31/03/2012;0000;99.4;27.777419;17.254839;77.508065;
83639;30/04/2012;0000;64.4;27.066667;16.593333;80.75;
83639;31/05/2012;0000;98.9;23.632258;13.932258;81.193548;
83639;30/06/2012;0000;4;24.573333;13.403333;81.866667;
83639;31/07/2012;0000;6;24.729032;9.419355;75.903226;
83639;31/08/2012;0000;22.9;24.174194;10.316129;78.822581;
83639;30/09/2012;0000;33;27.113793;13.596552;67.75;
83639;31/10/2012;0000;45.9;28.632258;15.896774;67.596774;
83639;30/11/2012;0000;226.2;26.053333;17.473333;80.033333;
83639;31/12/2012;0000;63.7;30.73871;18.725806;74.080645;
83639;31/01/2013;0000;270.9;28.03871;18.335484;78.153226;
83639;28/02/2013;0000;79.3;29.271429;17.528571;76.491071;
83639;31/03/2013;0000;182.2;27.36129;18.506452;82.33871;
83639;30/04/2013;0000;52.8;25.36;15.46;81.408333;
83639;31/05/2013;0000;72.8;24.477419;12.467742;82.669355;
83639;30/06/2013;0000;19.3;24.286667;12.936667;83.516667;
83639;31/07/2013;0000;5.8;23.812903;11.454839;81.16129;
83639;31/08/2013;0000;6.9;25.387097;11.070968;74.112903;
83639;30/09/2013;0000;63.2;26.21;14.06;73.633333;
83639;31/10/2013;0000;93.3;24.974194;14.83871;77.66129;
83639;30/11/2013;0000;156.8;26.703333;17.136667;77.066667;
83639;31/12/2013;0000;391.6;27.377419;19.177419;81.935484;
83639;31/01/2014;0000;91.8;30.206452;17.3;75.040323;
83639;28/02/2014;0000;70.3;30.071429;17.314286;71.848214;
83639;31/03/2014;0000;103.6;27.535484;18.006452;79.008065;
83639;30/04/2014;0000;126.8;26.81;15.57;82.116667;
83639;31/05/2014;0000;2.5;25.277419;11.893548;79.967742;
83639;30/06/2014;0000;2.7;24.803333;11.206667;80.558333;
83639;31/07/2014;0000;35.6;23.425806;11.290323;80.217742;
83639;31/08/2014;0000;4.9;25.5;10.270968;73.233871;
83639;30/09/2014;0000;12.3;27.413333;13.253333;67.341667;
83639;31/10/2014;0000;149.9;27.451613;14.945161;70.266129;
83639;30/11/2014;0000;270.9;27.026667;17.05;74.225;
83639;31/12/2014;0000;107;29.354839;17.806452;73.572581;
83639;31/01/2015;0000;55.6;31.635484;18.070968;68.064516;
83639;28/02/2015;0000;158.2;29.348148;18.317857;74.064815;
83639;31/03/2015;0000;71.1;29.126667;17.832258;78.4;
83639;30/04/2015;0000;68.5;26.94;15.97;80.925;
83639;31/05/2015;0000;112.4;23.703226;13.783871;84.66129;
83639;30/06/2015;0000;15.5;23.76;11.566667;83.533333;
83639;31/07/2015;0000;5.2;23.845161;11.487097;81.5;
83639;31/08/2015;0000;15.9;25.535484;10.609677;77.629032;
83639;30/09/2015;0000;72.4;27.96;15.343333;74.825;
83639;31/10/2015;0000;77.2;29.651613;16.387097;69.459677;
83639;30/11/2015;0000;117.8;30.166667;18.946667;75.008333;
83639;31/12/2015;0000;168;30.241935;18.683871;74.354839;
