--------------------
BDMEP - INMET
--------------------
Estação           : CARACARAI - RR (OMM: 82042)
Latitude  (graus) : 1.83
Longitude (graus) : -61.12
Altitude  (metros): 60.00
Estação Operante
Inicio de operação: 11/01/1970
Periodo solicitado dos dados: 01/01/2000 a 01/01/2016
Os dados listados abaixo são os que encontram-se digitados no BDMEP
Hora em UTC
--------------------
Obs.: Os dados aparecem separados por ; (ponto e vírgula) no formato txt.
      Para o formato planilha XLS, siga as instruções
--------------------
Estacao;Data;Hora;PrecipitacaoTotal;TempMaximaMedia;TempMinimaMedia;UmidadeRelativaMedia;
82042;31/01/2000;0000;118.8;32.796774;20.990323;65.572581;
82042;29/02/2000;0000;18.4;32.872414;20.275862;65.758621;
82042;31/03/2000;0000;246.7;32.722581;20.696774;63.991935;
82042;30/04/2000;0000;344.6;31.39;21.19375;68.333333;
82042;31/05/2000;0000;357.3;31.306452;23.048387;91.540323;
82042;30/06/2000;0000;337.7;31.896667;22.926667;90.675;
82042;31/07/2000;0000;323.7;31.216129;22.277419;91.403226;
82042;31/08/2000;0000;91.2;33.73871;22.23871;85.443548;
82042;30/09/2000;0000;115.6;34.383333;22.81;83.316667;
82042;31/10/2000;0000;42.8;35.251613;23;81.58871;
82042;30/11/2000;0000;244.8;34.613333;23.546667;87.15;
82042;31/12/2000;0000;81.4;33.248387;22.529032;88.629032;
82042;31/01/2001;0000;76.6;32.435484;21.606452;86.193548;
82042;28/02/2001;0000;28.8;33.414815;22.103704;83.583333;
82042;31/03/2001;0000;56.8;34.590323;21.987097;80.766129;
82042;30/04/2001;0000;115.2;34.103333;22.346667;85.391667;
82042;31/05/2001;0000;329.8;32.019355;21.925806;93.959677;
82042;30/06/2001;0000;280.6;30.383333;20.883333;94.208333;
82042;31/07/2001;0000;192.6;32.393548;21.23871;93.854839;
82042;31/08/2001;0000;227;33.177419;21.959259;87.387097;
82042;30/09/2001;0000;168.4;34.196667;22.926667;83.816667;
82042;31/10/2001;0000;48.4;35.93871;23.709677;78.846774;
82042;30/11/2001;0000;35.2;35.97;23.81;75.8;
82042;31/12/2001;0000;86.6;34.477419;23.654839;80.467742;
82042;31/01/2002;0000;22.6;34.925806;22.751613;;
82042;28/02/2002;0000;7.2;34.210714;23.228571;73.064815;
82042;31/03/2002;0000;226;34.419355;23.525806;78;
82042;30/04/2002;0000;340;32.633333;23.096667;87.575;
82042;31/05/2002;0000;288.9;31.163333;23.041935;93.282258;
82042;30/06/2002;0000;435.1;31.353333;22.473333;93.241667;
82042;31/07/2002;0000;323.2;32.826667;22.676667;90.959677;
82042;31/08/2002;0000;173.9;33.632258;22.896774;88.91129;
82042;30/09/2002;0000;122.8;36;23.446667;80.291667;
82042;31/10/2002;0000;22.2;36.051613;23.8;74.887097;
82042;30/11/2002;0000;40.3;35.486667;23.226667;77.439655;
82042;31/12/2002;0000;22;34.432258;23.058065;74.830645;
82042;31/01/2003;0000;46.4;34.906452;22.2;71.790323;
82042;28/02/2003;0000;11.3;35.692857;22.728571;69.44;
82042;31/03/2003;0000;53.5;35.467742;23.225806;70.774194;
82042;30/04/2003;0000;170.9;33.786667;23.02;82.291667;
82042;31/05/2003;0000;541.1;31.16129;22.529032;91.33871;
82042;30/06/2003;0000;287.8;32.516667;22.34;89.925;
82042;31/07/2003;0000;203.8;31.932258;21.593548;91.233871;
82042;31/08/2003;0000;176.6;33.541935;21.819355;84.629032;
82042;30/09/2003;0000;122.2;34.606667;21.92;83.125;
82042;31/10/2003;0000;258.3;34.758065;22.232258;83.225806;
82042;30/11/2003;0000;125.6;35.206667;22.27;79.875;
82042;31/01/2004;0000;19.8;34.264516;21.625806;74.919355;
82042;29/02/2004;0000;60;34.537931;21.858621;69.810345;
82042;31/03/2004;0000;59.6;34.548387;22.245161;70.943548;
82042;30/04/2004;0000;219.8;33.5;21.803333;81.433333;
82042;31/05/2004;0000;311;31.758065;21.483871;87.548387;
82042;30/06/2004;0000;377.8;31.766667;20.89;86.405172;
82042;31/07/2004;0000;235.1;32.177419;20.812903;85.416667;
82042;31/08/2004;0000;313.4;33.225806;22.864516;83.329545;
82042;30/09/2004;0000;224.8;34.25;23.233333;83.607143;
82042;31/10/2004;0000;237.4;34.409677;23.222581;82.608696;
82042;30/11/2004;0000;8.2;36.623333;24.306667;72;
82042;31/01/2005;0000;58.4;34.780645;23.864516;76.170455;
82042;28/02/2005;0000;88.6;33.575;23.528571;77;
82042;31/03/2005;0000;17.2;34.541935;23.864516;73.113636;
82042;30/04/2005;0000;343;32.056667;22.4;82.75;
82042;31/05/2005;0000;376.6;31.493548;21.367742;84.727273;
82042;30/06/2005;0000;208.4;32.583333;22.036667;83.022727;
82042;31/07/2005;0000;252.7;31.974194;22.706452;84.768519;
82042;31/08/2005;0000;256.6;32.783871;23.206452;83.435484;
82042;30/09/2005;0000;143.8;34.556667;23.58;78.65;
82042;31/10/2005;0000;117.2;35.354839;23.877419;76.806452;
82042;30/11/2005;0000;73.8;34.38;23.946667;81.9;
82042;31/12/2005;0000;213;33.283871;23.387097;82.467742;
82042;31/01/2006;0000;263.8;31.929032;23.093548;85.548387;
82042;28/02/2006;0000;30.4;33.189286;23.164286;79.785714;
82042;31/03/2006;0000;74.6;34.029032;23.187097;76.177419;
82042;30/04/2006;0000;98.8;33.373333;23.34;80.625;
82042;31/05/2006;0000;424.2;30.654839;22.851613;89;
82042;30/06/2006;0000;358.8;31.163333;22.82;87.766667;
82042;31/07/2006;0000;589.8;30.93871;22.645161;87.733871;
82042;31/08/2006;0000;220.4;33.170968;23.051613;82.362903;
82042;30/09/2006;0000;158.2;34.16;23.086667;78.366667;
82042;31/10/2006;0000;105.4;35.016129;23.651613;76.241935;
82042;30/11/2006;0000;264.2;32.776667;22.726667;82.141667;
82042;31/12/2006;0000;34.6;33.187097;22.587097;78.41129;
82042;31/01/2007;0000;31;32.93871;22.8;78.258065;
82042;28/02/2007;0000;8.4;34.960714;22.05;66.276786;
82042;31/03/2007;0000;246.6;33.848387;22.387097;74.548387;
82042;30/04/2007;0000;135.4;32.26;22.893333;83.7;
82042;31/05/2007;0000;387;30.835484;22.567742;89.274194;
82042;30/06/2007;0000;577.7;31.07;22.32;88.841667;
82042;31/07/2007;0000;307.4;32.206452;23.432258;85.95;
82042;31/08/2007;0000;357.2;31.693548;23.219355;88.669355;
82042;30/09/2007;0000;132.2;33.266667;23.026667;84.3;
82042;31/10/2007;0000;221.4;33.535484;22.122581;80.225806;
82042;30/11/2007;0000;13.6;34.803333;22.68;74.975;
82042;31/12/2007;0000;138.2;32.66129;22.006452;82.209677;
82042;31/01/2008;0000;26.2;32.580645;22.03871;76.080645;
82042;29/02/2008;0000;67.4;32.258621;22.586207;78.051724;
82042;31/03/2008;0000;68.2;32.416129;21.806452;75.177419;
82042;30/04/2008;0000;73.4;32.676667;22.4;77.458333;
82042;31/05/2008;0000;392.4;31.054839;22.503226;86.774194;
82042;30/06/2008;0000;359;30.689655;22.34;87.991667;
82042;31/07/2008;0000;334;31.112903;21.709677;89.169355;
82042;31/08/2008;0000;124.4;32.9;22.56129;84.185484;
82042;30/09/2008;0000;200.8;33.703333;22.886667;82.108333;
82042;31/10/2008;0000;156;33.758065;23.2;82.806452;
82042;30/11/2008;0000;55.5;33.22;23.846667;81.891667;
82042;31/12/2008;0000;277.2;31.516129;23.36129;88.959677;
82042;31/01/2009;0000;165.6;31.16129;23.16129;86.895161;
82042;28/02/2009;0000;23;31.835714;23.1;84.660714;
82042;31/03/2009;0000;114.6;32.622581;23.703226;88.677419;
82042;30/04/2009;0000;206;32.513333;23.446667;90.375;
82042;31/05/2009;0000;71.2;32.964516;23.748387;86.016129;
82042;30/06/2009;0000;394.5;30.466667;22.756667;93.208333;
82042;31/07/2009;0000;312.4;31.777419;22.929032;92.008065;
82042;31/08/2009;0000;138.4;33.232258;23.516129;91.822581;
82042;30/09/2009;0000;94.4;34.67;23.726667;87.108333;
82042;31/10/2009;0000;73.2;34.993548;23.922581;86.483333;
82042;30/11/2009;0000;47.8;34.446667;23.873333;86.6;
82042;31/12/2009;0000;20;33.658065;23.651613;84.185484;
82042;31/01/2010;0000;41;33.245161;23;82.709677;
82042;28/02/2010;0000;46;33.792857;24.014286;80.080357;
82042;31/03/2010;0000;80.6;34.393548;24.367742;81.822581;
82042;30/04/2010;0000;355.4;31.643333;24.086667;89.125;
82042;31/05/2010;0000;207.6;30.848387;24.019355;89.459677;
82042;30/06/2010;0000;281;31.673333;23.606667;90.508333;
82042;31/07/2010;0000;348.8;31.054839;23.141935;89.387097;
82042;31/08/2010;0000;359.4;32.003226;23.187097;86.193548;
82042;30/09/2010;0000;193.4;33.663333;23.783333;82.341667;
82042;31/10/2010;0000;86.4;33.774194;24.403226;79.733871;
82042;30/11/2010;0000;154.2;32.74;24.033333;83.091667;
82042;31/12/2010;0000;253.8;31.819355;23.596774;84.524194;
82042;31/01/2011;0000;49.8;31.580645;22.925806;83.596774;
82042;28/02/2011;0000;86.6;32.107143;23.928571;89.669643;
82042;31/03/2011;0000;194.4;31.348387;23.34;95.072581;
82042;30/04/2011;0000;183.6;31.8;23.77;93.383333;
82042;31/05/2011;0000;560.6;30.274194;23.612903;95.330645;
82042;30/06/2011;0000;306.5;31.2;23.724138;95.291667;
82042;31/07/2011;0000;299.6;31.567742;23.567742;95.548387;
82042;31/08/2011;0000;143.8;32.806452;23.645161;94.120968;
82042;30/09/2011;0000;154.8;33.686667;23.783333;93.866667;
82042;31/10/2011;0000;154.2;33.019355;23.729032;93.080645;
82042;30/11/2011;0000;221.4;32.753333;24.2;89.95;
82042;31/12/2011;0000;20.6;33.516129;24.174194;87.177419;
82042;31/01/2012;0000;88.4;32.451613;23.653333;85.967742;
82042;29/02/2012;0000;66.1;31.889655;23.262069;88.348214;
82042;31/03/2012;0000;202.9;31.677419;23.245161;89.774194;
82042;30/04/2012;0000;337.3;31.146667;23.533333;92.913793;
82042;31/05/2012;0000;294.6;31.735484;23.329032;91.65;
82042;30/06/2012;0000;253.5;31.706667;23.55;92.151786;
82042;31/07/2012;0000;358.2;31.045161;22.935484;94.4;
82042;31/08/2012;0000;263.2;32.258065;23.254839;92.322581;
82042;30/09/2012;0000;214.2;33.846667;23.366667;89.825;
82042;31/10/2012;0000;50.2;34.745161;24.313333;87.233871;
82042;30/11/2012;0000;51;35.01;23.993333;85.8;
82042;31/12/2012;0000;99.2;32.993548;23.690323;89.841667;
82042;31/01/2013;0000;0;34.083871;23.56129;88.637097;
82042;28/02/2013;0000;153;31.82963;23.778571;93.366071;
82042;31/03/2013;0000;64;33.216;23.88;88.93;
82042;30/04/2013;0000;296;31.294444;23.594444;91.486111;
82042;31/05/2013;0000;489.2;31.219355;23.696774;87.701613;
82042;30/06/2013;0000;295;32.3;23.686667;86.475;
82042;31/07/2013;0000;280.2;31.464516;23.064516;92.580645;
82042;31/08/2013;0000;216.6;31.632258;23.287097;94.145161;
82042;30/09/2013;0000;157.2;33.373333;23.553333;91.841667;
82042;31/10/2013;0000;51.6;34.187097;23.890323;88.475806;
82042;30/11/2013;0000;72.4;33.713333;24.113333;88.208333;
82042;31/12/2013;0000;65.4;33.109677;23.780645;87.895161;
82042;31/01/2014;0000;7.2;34;23.264516;84.153226;
82042;28/02/2014;0000;17.8;33.757143;23.707143;84.410714;
82042;31/03/2014;0000;46.4;34.432258;23.919355;88.653226;
82042;30/04/2014;0000;270.7;32.18;23.84;94.1;
82042;31/05/2014;0000;211.8;32.63871;24.056;80.362903;
82042;30/06/2014;0000;280;31.193333;23.874074;87.458333;
82042;31/07/2014;0000;166.2;32.033333;23.526667;87.941667;
82042;31/08/2014;0000;189.6;32.264516;23.664516;83.483871;
82042;30/09/2014;0000;36.6;35.006667;23.958621;74.591667;
82042;31/10/2014;0000;78.2;34.019355;23.96129;77.669355;
82042;30/11/2014;0000;29.2;33.926667;24.06;76.716667;
82042;31/12/2014;0000;0;35.070968;24.03871;77.201613;
82042;31/01/2015;0000;52;33.864516;23.664516;73.032258;
82042;28/02/2015;0000;19.6;34.955556;23.792857;66.342593;
82042;31/03/2015;0000;54.4;34.2;24.832258;66.866667;
82042;30/04/2015;0000;138.2;33.972414;24.326667;71.646552;
82042;31/05/2015;0000;194.2;31.167742;23.825806;83.725806;
82042;30/06/2015;0000;336.8;31.733333;23.517241;85.991667;
82042;31/07/2015;0000;283.6;31.929032;23.49;85.717742;
82042;31/08/2015;0000;102.8;33.451613;23.922581;81.040323;
82042;30/09/2015;0000;44;35.753333;24.406667;72.841667;
82042;31/10/2015;0000;6;36.6;25.277419;73.870968;
82042;30/11/2015;0000;37;35.853333;24.893333;77.733333;
82042;31/12/2015;0000;8;35.12381;24.345455;74.25;
