--------------------
BDMEP - INMET
--------------------
Estação           : CARINHANHA - BA (OMM: 83408)
Latitude  (graus) : -14.28
Longitude (graus) : -43.76
Altitude  (metros): 450.18
Estação Operante
Inicio de operação: 01/12/1927
Periodo solicitado dos dados: 01/01/2000 a 01/01/2016
Os dados listados abaixo são os que encontram-se digitados no BDMEP
Hora em UTC
--------------------
Obs.: Os dados aparecem separados por ; (ponto e vírgula) no formato txt.
      Para o formato planilha XLS, siga as instruções
--------------------
Estacao;Data;Hora;PrecipitacaoTotal;TempMaximaMedia;TempMinimaMedia;UmidadeRelativaMedia;
83408;31/01/2000;0000;143.5;30.609677;20.477419;72.419355;
83408;29/02/2000;0000;51.8;31.734483;20.717241;68.224138;
83408;31/03/2000;0000;98.6;31.122581;20.606452;68.939655;
83408;30/04/2000;0000;1.9;32.706667;19.706667;57.941667;
83408;31/05/2000;0000;0;32.564516;16.577419;48.620968;
83408;30/06/2000;0000;0;31.393333;15.096667;46.068966;
83408;31/07/2000;0000;0;31.235484;15.925806;46.870968;
83408;31/08/2000;0000;0;32.596774;16.693548;41.653226;
83408;30/09/2000;0000;15.9;32.946667;20.27;45.925;
83408;31/10/2000;0000;16.2;35.270968;21.477419;41;
83408;30/11/2000;0000;197.6;31.013333;21.766667;70.141667;
83408;31/12/2000;0000;220.1;29.948387;21.106452;81.008065;
83408;31/01/2001;0000;30.5;31.335484;19.841935;65.959677;
83408;28/02/2001;0000;45.5;34.675;20.689286;54.169643;
83408;31/03/2001;0000;126.8;31.651613;20.874194;68.572581;
83408;30/04/2001;0000;5.2;33.29;19.836667;53.175;
83408;31/05/2001;0000;9;33.03;19.17;52.208333;
83408;30/06/2001;0000;1.6;31.126667;17.26;52.841667;
83408;31/07/2001;0000;0.8;31.203226;16.841935;50.175;
83408;31/08/2001;0000;0;30.96129;18.525806;48.153226;
83408;30/09/2001;0000;4.2;34.093333;19.833333;43.733333;
83408;31/10/2001;0000;49.8;32.96129;21.396774;54.677419;
83408;30/11/2001;0000;205.7;32.206667;21.833333;68.516667;
83408;31/12/2001;0000;118;31.396774;21.387097;68.604839;
83408;31/01/2002;0000;217.6;30.409677;21.025806;77.330645;
83408;28/02/2002;0000;95.9;31.146429;20.164286;70.339286;
83408;31/03/2002;0000;19;33.435484;20.906452;61.153226;
83408;30/04/2002;0000;6.5;33.953333;20.23;53.1;
83408;31/05/2002;0000;26.6;32.732258;18.025806;48.908333;
83408;30/06/2002;0000;0.3;30.943333;16.7;51.191667;
83408;31/07/2002;0000;0;31.723333;16.780645;45.830645;
83408;31/08/2002;0000;0;32.558065;17.645161;40.596774;
83408;30/09/2002;0000;31.1;33.203448;20;47.25;
83408;31/10/2002;0000;5.5;36.193548;21.05;36.129032;
83408;30/11/2002;0000;137.9;33.943333;21.036667;54.075;
83408;31/12/2002;0000;303;32.735484;21.664516;68.903226;
83408;31/01/2003;0000;164.5;31.058065;21.880645;75.564516;
83408;28/02/2003;0000;55.2;32.510714;21.242857;66.758929;
83408;31/03/2003;0000;112.8;32.409677;21.393548;72.766129;
83408;30/04/2003;0000;3.2;33.043333;20.776667;66.175;
83408;31/05/2003;0000;6.9;32.283871;19.387097;59.758065;
83408;30/06/2003;0000;0;31.313333;15.896667;54.591667;
83408;31/07/2003;0000;0;30.409677;15.890323;48.620968;
83408;31/08/2003;0000;0;31.53871;17.967742;46.653226;
83408;30/09/2003;0000;5;33.726667;19.783333;40.591667;
83408;31/10/2003;0000;0;34.364516;21.258065;40.016129;
83408;30/11/2003;0000;90;33.906667;22.163333;53.883333;
83408;31/12/2003;0000;113.6;34.216129;22.564516;57.233871;
83408;31/01/2004;0000;199.4;30.496774;21.4;77;
83408;29/02/2004;0000;221.9;30.131034;21.089655;79.051724;
83408;31/03/2004;0000;146.6;29.777419;20.825806;78.903226;
83408;30/04/2004;0000;48.4;31.08;20.086667;71.375;
83408;31/05/2004;0000;0.2;31.851613;18.651613;61.846774;
83408;30/06/2004;0000;0;30.376667;15.656667;55.808333;
83408;31/07/2004;0000;0;30.109677;15.258065;52.209677;
83408;31/08/2004;0000;0;32.122581;16.03;42.91129;
83408;30/09/2004;0000;0;33.9;17.88;38.166667;
83408;31/10/2004;0000;70.3;34.712903;21.967742;46.951613;
83408;30/11/2004;0000;31.7;33.47;22.373333;55.825;
83408;31/12/2004;0000;130.1;33.212903;21.087097;63.870968;
83408;31/01/2005;0000;261;32.083871;21.880645;73.733871;
83408;28/02/2005;0000;190.8;31.585714;21.746429;75.232143;
83408;31/03/2005;0000;113.8;31.5;21.925806;77.379032;
83408;30/04/2005;0000;29.9;32.866667;21.144828;67.35;
83408;31/05/2005;0000;15.8;31.4;18.874194;64.201613;
83408;30/06/2005;0000;0;30.996667;16.87;60.441667;
83408;31/07/2005;0000;0;30.883871;15.612903;52.919355;
83408;31/08/2005;0000;0;32.541935;17.135484;49.362903;
83408;30/09/2005;0000;22;34.046667;20.593333;50.308333;
83408;31/10/2005;0000;17.3;36.248387;21.8;42.064516;
83408;30/11/2005;0000;197.9;32.866667;21.771429;64.223214;
83408;31/12/2005;0000;273.4;30.387097;21.290323;75.758065;
83408;31/01/2006;0000;9.5;32.713793;20.624138;64.375;
83408;28/02/2006;0000;42.3;34.425;22.303704;64.303571;
83408;31/03/2006;0000;148.1;31.32069;21.708;75.827586;
83408;30/04/2006;0000;80;30.41;20.673333;78.1;
83408;31/05/2006;0000;11.3;30.748387;17.180645;65.258065;
83408;30/06/2006;0000;0;29.85;15.496667;59.2;
83408;31/07/2006;0000;0;30.555172;14.880645;52.709677;
83408;31/08/2006;0000;0;32.696774;17.525806;49.274194;
83408;30/09/2006;0000;45.1;33.523333;20.136667;52.841667;
83408;31/10/2006;0000;110.6;32.251613;22.032258;64.290323;
83408;30/11/2006;0000;188.3;30.53;21.096667;77.808333;
83408;31/12/2006;0000;93.7;32.119355;21.267742;70.604839;
83408;31/01/2007;0000;48;34.632258;22.319355;62.758065;
83408;28/02/2007;0000;427.1;30.182143;21.617857;79.098214;
83408;31/03/2007;0000;5;32.435484;20.806452;65.967742;
83408;30/04/2007;0000;2.8;33.203571;20.492857;61.580357;
83408;31/05/2007;0000;0;33.073333;18.213333;55.666667;
83408;30/06/2007;0000;0;31.196667;16.126667;54.066667;
83408;31/07/2007;0000;0;31.373333;15.683333;50.183333;
83408;31/08/2007;0000;0;31.551613;16.829032;46.741667;
83408;30/09/2007;0000;0;33.526667;18.886207;43.075;
83408;31/10/2007;0000;7.7;35.686207;21.837931;39.758929;
83408;30/11/2007;0000;94.6;35.362963;22.796296;49.157407;
83408;31/12/2007;0000;186.9;31.796552;21.033333;66.637931;
83408;31/01/2008;0000;43.4;32.058621;21.142857;62.275862;
83408;29/02/2008;0000;156.8;32.34;21.192;70.1;
83408;31/03/2008;0000;77.8;31.248387;21.109677;72.959677;
83408;30/04/2008;0000;34.3;32.19;20.93;67.458333;
83408;31/05/2008;0000;0;32.5;18.019355;50.83871;
83408;30/06/2008;0000;0;31.236667;16.293333;50.075;
83408;31/07/2008;0000;0;30.416129;14.5;44.129032;
83408;31/08/2008;0000;0;32.422581;16.970968;39.137097;
83408;30/09/2008;0000;9.7;34.323333;19.733333;44.083333;
83408;31/10/2008;0000;0;36.363333;21.666667;36.408333;
83408;30/11/2008;0000;137.6;32.322222;22.288;63.625;
83408;31/12/2008;0000;275;30.187097;21.33871;78.129032;
83408;31/01/2009;0000;173.1;31.203333;21.533333;72.608333;
83408;28/02/2009;0000;72.2;33.15;21.315385;67.201923;
83408;31/03/2009;0000;122;34.103448;21.62069;63.646552;
83408;30/04/2009;0000;163.8;30.43;21.196667;;
83408;31/05/2009;0000;6.3;30.012903;18.380645;;
83408;30/06/2009;0000;0;31;17.223333;;
83408;31/07/2009;0000;0;31.941935;16.674194;;
83408;31/08/2009;0000;0;32.825806;18.435484;;
83408;30/09/2009;0000;0;35.27;20.794737;;
83408;31/10/2009;0000;163;;;;
83408;30/11/2009;0000;32.4;32.996667;21.22;;
83408;31/12/2009;0000;325.2;31.406452;21.351613;;
83408;31/01/2010;0000;49.7;32.548387;21.216129;;
83408;28/02/2010;0000;69.9;34.010714;21.325;;
83408;31/03/2010;0000;211.8;31.658065;21.790323;;
83408;30/04/2010;0000;114.1;31.896667;20.106667;;
83408;31/05/2010;0000;2.1;32.390323;19.483871;;
83408;30/06/2010;0000;1.3;31.143333;15.973333;;
83408;31/07/2010;0000;0;30.803226;17.725806;;
83408;31/08/2010;0000;0;31.348387;16.254839;;
83408;30/09/2010;0000;0.6;33.606667;18.993333;;
83408;31/10/2010;0000;39.4;;;;
83408;30/11/2010;0000;164.9;31.147619;21.747619;;
83408;31/12/2010;0000;157.9;30.912903;21.593548;;
83408;31/01/2011;0000;117.1;31.416129;21.348387;;
83408;28/02/2011;0000;119.6;33.157143;21.453571;;
83408;31/03/2011;0000;258.7;30.374194;21.53871;;
83408;30/04/2011;0000;9.7;30.9;20.866667;;
83408;31/05/2011;0000;0.5;30.919355;17.816129;;
83408;30/06/2011;0000;0.1;31.483333;16.623333;;
83408;31/07/2011;0000;0;30.851724;15.14;;
83408;31/08/2011;0000;0;33.154839;17.5;;
83408;30/09/2011;0000;0.6;33.523333;17.993333;;
83408;31/10/2011;0000;0;;;;
83408;30/11/2011;0000;389.4;29.662069;20.575862;;
83408;31/12/2011;0000;158.5;30.045161;20.929032;;
83408;31/01/2012;0000;96.9;31.219355;20.958065;;
83408;29/02/2012;0000;19.8;33.27931;21.103448;;
83408;31/03/2012;0000;51.3;34.487097;21.435484;;
83408;30/04/2012;0000;0.9;35.16;20.61;;
83408;31/05/2012;0000;1.2;32.867742;19.519355;;
83408;30/06/2012;0000;0;32.896429;17.992857;;
83408;31/07/2012;0000;0;31.919231;16.434615;;
83408;31/08/2012;0000;0.2;31.374194;17.590323;;
83408;30/09/2012;0000;0;35.02;20.05;;
83408;31/10/2012;0000;6.8;;;;
83408;30/11/2012;0000;399.7;30.15;22.003448;;
83408;31/12/2012;0000;12.5;34.316129;21.848387;;
83408;31/01/2013;0000;263.5;32.277419;22.348387;;
83408;28/02/2013;0000;5.6;35.142857;21.439286;;
83408;31/03/2013;0000;82.5;34.267857;22.35;;
83408;30/04/2013;0000;97.9;31.74;20.916667;;
83408;31/05/2013;0000;1.4;33.025806;19.253333;;
83408;30/06/2013;0000;0;32.316667;18.483333;;
83408;31/07/2013;0000;0;31.98;17.3;;
83408;31/08/2013;0000;0.6;32.548387;18.345161;;
83408;30/09/2013;0000;0;34.606667;20.925;;
83408;31/10/2013;0000;0;;;;
83408;30/11/2013;0000;92.5;34.22;22.623333;;
83408;31/12/2013;0000;294.1;30.248387;21.8;;
83408;31/01/2014;0000;1.4;32.53871;21.119355;;
83408;28/02/2014;0000;33;33.664286;21.625;;
83408;31/03/2014;0000;196.9;32.641935;22.106452;;
83408;30/04/2014;0000;52.6;32.93;21.483333;;
83408;31/05/2014;0000;2.2;33.403226;19.725806;;
83408;31/07/2014;0000;0;31.664516;17.403226;;
83408;31/08/2014;0000;0;32.816129;17.603226;;
83408;30/09/2014;0000;0;35.153333;20.34;;
83408;31/10/2014;0000;35.4;35.035484;21.774194;;
83408;30/11/2014;0000;130.2;33.103333;22.546667;;
83408;31/12/2014;0000;229.7;31.096774;21.564516;;
83408;31/01/2015;0000;0.5;35.032258;21.354839;;
83408;28/02/2015;0000;131.6;33.332143;21.692857;;
83408;31/03/2015;0000;38.7;34.077419;22.232258;;
83408;30/04/2015;0000;67.2;33.666667;22.57;;
83408;31/05/2015;0000;60.7;31.541935;20.06129;;
83408;30/06/2015;0000;0.1;31.613793;18.755172;;
83408;31/07/2015;0000;0;31.664516;18.083871;;
83408;31/08/2015;0000;0;32.593548;18.829032;;
83408;30/09/2015;0000;0;37.21;21.586667;;
83408;31/10/2015;0000;0;;;;
83408;30/11/2015;0000;108.8;36.543333;24.063333;;
83408;31/12/2015;0000;15.5;37.43871;23.77931;;
