--------------------
BDMEP - INMET
--------------------
Estação           : CAXIAS - MA (OMM: 82476)
Latitude  (graus) : -4.86
Longitude (graus) : -43.35
Altitude  (metros): 103.56
Estação Operante
Inicio de operação: 15/03/1976
Periodo solicitado dos dados: 01/01/2000 a 01/01/2016
Os dados listados abaixo são os que encontram-se digitados no BDMEP
Hora em UTC
--------------------
Obs.: Os dados aparecem separados por ; (ponto e vírgula) no formato txt.
      Para o formato planilha XLS, siga as instruções
--------------------
Estacao;Data;Hora;PrecipitacaoTotal;TempMaximaMedia;TempMinimaMedia;UmidadeRelativaMedia;
82476;31/01/2000;0000;243;33.312903;23.06129;79.790323;
82476;29/02/2000;0000;216.5;32.686207;23.327586;81.491379;
82476;31/03/2000;0000;326.3;32.470968;23.293548;86.443548;
82476;30/04/2000;0000;291.6;32.523333;23.183333;84.525;
82476;31/05/2000;0000;136.3;33.445161;22.993548;84.177419;
82476;30/06/2000;0000;10.1;32.816667;22.28;81.325;
82476;31/07/2000;0000;65.9;33.812903;21.729032;75.516129;
82476;31/08/2000;0000;65.4;34.729032;21.26129;63.185484;
82476;30/09/2000;0000;23;36.186667;22.16;56.025;
82476;31/10/2000;0000;21.6;37.487097;23.490323;50.483871;
82476;30/11/2000;0000;0;37.936667;24.03;52.9;
82476;31/12/2000;0000;122.9;35.56129;24.129032;62.58871;
82476;31/01/2001;0000;196.3;32.519355;22.670968;74.346774;
82476;28/02/2001;0000;174.8;31.728571;22.717857;73.508929;
82476;31/03/2001;0000;334.5;32.312903;22.73871;78.25;
82476;30/04/2001;0000;361;31.976667;22.9;79.466667;
82476;31/05/2001;0000;80.9;32.906452;23.225806;73.443548;
82476;30/06/2001;0000;114.9;32.833333;22.29;70.183333;
82476;31/07/2001;0000;24.7;33.709677;21.764516;62.991935;
82476;31/08/2001;0000;1.5;35.264516;20.522581;56.209677;
82476;30/09/2001;0000;8.8;36.903333;23.763333;57.87931;
82476;31/10/2001;0000;5.2;37.593548;24.432258;52.83871;
82476;30/11/2001;0000;24.5;36.896552;24.88;62.5625;
82476;31/12/2001;0000;128.5;35.764516;24.764516;63.379032;
82476;31/01/2002;0000;318.2;32.506452;22.764516;82.629032;
82476;28/02/2002;0000;113.4;33.164286;23.485714;78.526786;
82476;31/03/2002;0000;392;32.283871;22.837931;83.951613;
82476;30/04/2002;0000;203;32.225926;23.403333;79.758333;
82476;31/05/2002;0000;151.6;32.280645;23.280645;78.16129;
82476;30/06/2002;0000;41.5;32.316667;22.323333;77.166667;
82476;31/07/2002;0000;52.8;34.222581;22.532258;67.137097;
82476;31/08/2002;0000;0;36.245161;22.270968;53.846774;
82476;30/09/2002;0000;28.3;37.233333;23.78;55.158333;
82476;31/10/2002;0000;2.3;38.112903;24.326667;50.451613;
82476;30/11/2002;0000;65.3;37.889655;24.555172;54.208333;
82476;31/12/2002;0000;158;34.854839;24.237931;63.403226;
82476;31/01/2003;0000;101.9;34.364516;24.06129;64.822581;
82476;28/02/2003;0000;274.1;31.925;23.35;78.223214;
82476;31/03/2003;0000;301.2;32.245161;23.019355;78.596774;
82476;30/04/2003;0000;192.1;32.836667;23.42;78.058333;
82476;31/05/2003;0000;131.3;32.703226;23.074194;73.298387;
82476;30/06/2003;0000;28.1;32.23;22.476667;74.358333;
82476;31/07/2003;0000;0.2;33.393548;21.43871;61.75;
82476;31/08/2003;0000;47.7;35.6;22.903333;57.112903;
82476;30/09/2003;0000;0.8;37.12;23.88;50.958333;
82476;31/10/2003;0000;1.6;38.480645;24.696774;48.830645;
82476;30/11/2003;0000;90.6;35.84;24.356667;59.458333;
82476;31/12/2003;0000;108.6;35.909677;24.506667;59.362903;
82476;31/01/2004;0000;249.8;32.948387;24.029032;71.629032;
82476;29/02/2004;0000;339.3;32.186207;23.375862;78.62931;
82476;31/03/2004;0000;382.8;32.422581;23.316129;78.83871;
82476;30/04/2004;0000;354.4;32.33;23.32;82.333333;
82476;31/05/2004;0000;123;32.574194;23.389655;78.056452;
82476;30/06/2004;0000;20.2;32.383333;22.123333;70.658333;
82476;31/07/2004;0000;14.5;33.06129;22.554839;64.395161;
82476;31/08/2004;0000;13.4;35.603226;23.76;60.104839;
82476;30/09/2004;0000;15.4;36.96;24.42;57.383333;
82476;31/10/2004;0000;5.1;37.967742;24.725806;55.975806;
82476;30/11/2004;0000;36.3;37.433333;24.686667;60.65;
82476;31/12/2004;0000;26;36.435484;25.164516;65.887097;
82476;31/01/2005;0000;289.3;34.890323;24.648387;69.540323;
82476;28/02/2005;0000;190.6;33.210714;24.617857;74.660714;
82476;31/03/2005;0000;491.1;32.851613;24.051613;80.064516;
82476;30/04/2005;0000;164.8;33.09;24.213333;78.991667;
82476;31/05/2005;0000;83.4;32.322581;23.858065;73.709677;
82476;30/06/2005;0000;35.4;32.59;23.09;69.625;
82476;31/07/2005;0000;1.1;33.512903;21.729032;61.266129;
82476;31/08/2005;0000;0;35.948387;22.287097;56.435484;
82476;30/09/2005;0000;0.2;37.906667;23.23;51.675;
82476;31/10/2005;0000;27.7;38.5;24.851613;49.66129;
82476;30/11/2005;0000;47.1;38.376667;25.313333;52.125;
82476;31/12/2005;0000;131.4;34.287097;24.506452;66.846774;
82476;31/01/2006;0000;120.4;33.525806;23.690323;72.822581;
82476;28/02/2006;0000;312.8;32.689286;23.178571;76.9375;
82476;31/03/2006;0000;260.1;32.316129;23.716129;80.540323;
82476;30/04/2006;0000;511.3;31.743333;23.356667;84.333333;
82476;31/05/2006;0000;247.3;32.187097;23.048387;78.677419;
82476;30/06/2006;0000;4.2;32.72;22.106667;71.125;
82476;31/07/2006;0000;0.2;33.654839;21.541935;62.298387;
82476;31/08/2006;0000;81.4;35.216129;21.809677;57.330645;
82476;30/09/2006;0000;10.6;36.02;23.476667;55.233333;
82476;31/10/2006;0000;34.2;37.593548;24.612903;52.596774;
82476;30/11/2006;0000;18.6;37.04;24.666667;57;
82476;31/12/2006;0000;137.8;35.367742;24.425806;63.983871;
82476;31/01/2007;0000;123.9;34.683871;24.593548;63.935484;
82476;28/02/2007;0000;447.1;31.467857;23.144444;83.785714;
82476;31/03/2007;0000;259;32.367742;23.425806;79.153226;
82476;30/04/2007;0000;263;32.516667;23.5;81.85;
82476;31/05/2007;0000;20.5;33.248387;23.616129;77.096774;
82476;30/06/2007;0000;18.3;33.453333;22.11;65.483333;
82476;31/07/2007;0000;0;34.793548;22.7;59.951613;
82476;31/08/2007;0000;3;35.812903;21.409677;53.290323;
82476;30/09/2007;0000;0;37.68;23.256667;49.916667;
82476;31/10/2007;0000;28.6;38.403226;24.531034;50.927419;
82476;30/11/2007;0000;9.4;38.816667;24.886667;52.666667;
82476;31/12/2007;0000;25.8;36.519355;24.780645;61.943548;
82476;31/01/2008;0000;404.8;32.874194;23.141935;75.451613;
82476;29/02/2008;0000;260.1;32.165517;23.072414;75.353448;
82476;31/03/2008;0000;504.1;31.764516;22.822581;82.870968;
82476;30/04/2008;0000;415.5;32.086667;22.916667;80.916667;
82476;31/05/2008;0000;225;32.558065;22.958065;76.596774;
82476;30/06/2008;0000;6;32.856667;21.363333;66.591667;
82476;31/07/2008;0000;2.4;33.693548;21.116129;65.096774;
82476;31/08/2008;0000;0.4;35.719355;21.829032;60.129032;
82476;30/09/2008;0000;5.4;37.176667;23.286667;54.683333;
82476;31/10/2008;0000;9.6;37.948387;24.119355;48.798387;
82476;30/11/2008;0000;11.6;37.896667;24.916667;48.941667;
82476;31/12/2008;0000;73.4;36.529032;24.348387;63.524194;
82476;31/01/2009;0000;226;35.983871;23.13871;72.58871;
82476;28/02/2009;0000;342.9;32.807143;23.028571;80.598214;
82476;31/03/2009;0000;339.4;32.583871;23.351613;80.975806;
82476;30/04/2009;0000;790.9;32.233333;23.166667;83.725;
82476;31/05/2009;0000;543.1;31.635484;23.045161;81.5;
82476;30/06/2009;0000;42.3;32.183333;22.043333;72.441667;
82476;31/07/2009;0000;34.6;33.045161;21.845161;68.967742;
82476;31/08/2009;0000;0.7;34.387097;21.332258;59.66129;
82476;30/09/2009;0000;0;36.9;23.086667;56.075;
82476;31/10/2009;0000;9.5;37.196774;24.070968;58.91129;
82476;30/11/2009;0000;1.2;37.503333;24.17;57.37931;
82476;31/12/2009;0000;155.6;34.741935;23.993548;65.346774;
82476;31/01/2010;0000;137.1;33.319355;22.783871;72.346774;
82476;28/02/2010;0000;226.5;33.139286;23.928571;74.678571;
82476;31/03/2010;0000;107.3;34.183871;23.793548;71.282258;
82476;30/04/2010;0000;266.1;32.85;23.543333;78.116667;
82476;31/05/2010;0000;174.7;33.551613;23.66129;75.983871;
82476;30/06/2010;0000;102.2;33.25;21.755172;71.141667;
82476;31/07/2010;0000;1.7;34.825806;21.409677;59.322581;
82476;31/08/2010;0000;0;36.932258;21.241935;53.717742;
82476;30/09/2010;0000;3.3;38.856667;22.886667;48.25;
82476;31/10/2010;0000;93.2;38.541935;24.348387;55.282258;
82476;30/11/2010;0000;4.8;37.656667;24.76;55.675;
82476;31/12/2010;0000;124.6;34.4;24.025806;67.758065;
82476;31/01/2011;0000;104.8;33.029032;22.958065;73.862903;
82476;28/02/2011;0000;260.7;31.978571;22.678571;80.964286;
82476;31/03/2011;0000;197.2;32.712903;22.706452;79.451613;
82476;30/04/2011;0000;399.9;33.1;23.156667;80.841667;
82476;31/05/2011;0000;173;32.177419;23.422581;77.153226;
82476;30/06/2011;0000;8.3;33.066667;22.24;69.533333;
82476;31/07/2011;0000;14.4;33.974194;21.364516;62.669355;
82476;31/08/2011;0000;39;35.654839;22.432258;56.814516;
82476;30/09/2011;0000;0;38.38;22.79;47.466667;
82476;31/10/2011;0000;112.2;37.206452;24.267742;55.330645;
82476;30/11/2011;0000;83.1;34.323333;24.103333;66.15;
82476;31/12/2011;0000;22.2;36.125806;24.358065;60.275;
82476;31/01/2012;0000;223.7;33.648387;23.445161;72.790323;
82476;29/02/2012;0000;191.6;32.310345;22.817241;75.474138;
82476;31/03/2012;0000;226.9;32.563333;23.083871;76.145161;
82476;30/04/2012;0000;73.2;33.296667;23.863333;73.215517;
82476;31/05/2012;0000;11.9;34.4;23.667742;67.306452;
82476;30/06/2012;0000;67;35.486667;23.483333;62.65;
82476;31/07/2012;0000;0;35.92;22.248387;55.708333;
82476;31/08/2012;0000;0;38.196774;21.816129;45.604839;
82476;30/09/2012;0000;8.7;39.31;23.72;44.666667;
82476;31/10/2012;0000;10;40.380645;25.006452;44.448276;
82476;30/11/2012;0000;27.9;39.183333;25.046667;53.591667;
82476;31/12/2012;0000;101.9;36.654839;24.570968;61.375;
82476;31/01/2013;0000;185.2;34.248387;23.983333;66.733871;
82476;28/02/2013;0000;125;34.34;23.757143;69.660714;
82476;31/03/2013;0000;305.8;34.275862;23.855172;69.443548;
82476;30/04/2013;0000;290.7;32.816667;23.713333;81.517241;
82476;31/05/2013;0000;62.3;33.109677;23.425806;73.645161;
82476;30/06/2013;0000;42.6;33.586667;23.193333;70.6;
82476;31/07/2013;0000;2.4;35.567742;22.812903;56.975806;
82476;31/08/2013;0000;2.8;38.064516;22.832258;48.870968;
82476;30/09/2013;0000;17.4;39.08;23.683333;48.7;
82476;31/10/2013;0000;17.4;38.970968;24.93871;54.193548;
82476;30/11/2013;0000;69.7;36.136667;24.39;63.466667;
82476;31/12/2013;0000;61;35.732258;24.529032;68.032258;
82476;31/01/2014;0000;215.7;33.612903;22.941935;76.16129;
82476;28/02/2014;0000;252.8;31.789286;22.325;84.035714;
82476;31/03/2014;0000;195.9;32.119355;22.041935;82.919355;
82476;30/04/2014;0000;300.3;32.723333;21.49;83.466667;
82476;31/05/2014;0000;97.5;32.541935;23.096774;87.566667;
82476;30/06/2014;0000;32.7;33.82;23.21;73.633333;
82476;31/07/2014;0000;53.5;34.493548;22.370968;69.1;
82476;31/08/2014;0000;0.6;37.019355;22.283871;61.8;
82476;30/09/2014;0000;34.2;38.193333;24.15;57.84;
82476;31/10/2014;0000;68.9;38.625806;24.406452;56.290323;
82476;30/11/2014;0000;154;35.65;23.956667;61.966667;
82476;31/12/2014;0000;44.2;35.896774;24.46129;55.201613;
82476;31/01/2015;0000;40.1;35.574194;23.554839;57.919355;
82476;28/02/2015;0000;328.5;32.825926;23.477778;71.394231;
82476;30/04/2015;0000;208.4;32.616667;22.863333;82.706897;
82476;31/05/2015;0000;223.3;33.032258;23.583871;79.4;
82476;30/06/2015;0000;33.5;33.123333;23.2;73.033333;
82476;31/07/2015;0000;36.1;34.212903;22.806452;63.548387;
82476;31/08/2015;0000;0;37.209677;22.116129;53.362903;
82476;30/09/2015;0000;10.2;39.136667;23.936667;46.091667;
82476;31/10/2015;0000;2.8;39.858065;24.729032;42.427419;
82476;30/11/2015;0000;4.3;39.983333;25.34;42.45;
82476;31/12/2015;0000;10;39.510714;25.545161;43.3;
