--------------------
BDMEP - INMET
--------------------
Estação           : CHAPECO - SC (OMM: 83883)
Latitude  (graus) : -27.11
Longitude (graus) : -52.61
Altitude  (metros): 679.01
Estação Operante
Inicio de operação: 10/05/1973
Periodo solicitado dos dados: 01/01/2000 a 01/01/2016
Os dados listados abaixo são os que encontram-se digitados no BDMEP
Hora em UTC
--------------------
Obs.: Os dados aparecem separados por ; (ponto e vírgula) no formato txt.
      Para o formato planilha XLS, siga as instruções
--------------------
Estacao;Data;Hora;PrecipitacaoTotal;TempMaximaMedia;TempMinimaMedia;UmidadeRelativaMedia;
83883;31/01/2000;0000;228.9;29.983871;19.035484;69.564516;
83883;29/02/2000;0000;131.5;28.872414;18.517241;72.922414;
83883;31/03/2000;0000;89.9;27.890323;17.354839;73.056452;
83883;30/04/2000;0000;121;26.233333;15.406667;70.375;
83883;31/05/2000;0000;137.7;20.667742;10.645161;75.951613;
83883;30/06/2000;0000;147.3;21.182759;13.076667;75.616667;
83883;31/07/2000;0000;252.4;17.680645;6.125806;69.524194;
83883;31/08/2000;0000;126.3;22.641935;11.406452;64.733871;
83883;30/09/2000;0000;391.5;22.313333;12.423333;73;
83883;31/10/2000;0000;337.6;26.419355;16.325806;72.403226;
83883;30/11/2000;0000;121.2;27.733333;16.393333;65.583333;
83883;31/12/2000;0000;137;28.932258;18.103226;69.185484;
83883;30/09/2001;0000;136.2;;;;
83883;31/10/2001;0000;132.4;26.880769;15.2;71.086538;
83883;30/11/2001;0000;123.8;29.510345;17.67;74.767241;
83883;31/12/2001;0000;87.3;29.07037;17.253571;71.403846;
83883;31/01/2002;0000;103.2;29.032258;17.96129;70.026786;
83883;28/02/2002;0000;67.7;28.692857;17.571429;72.574074;
83883;31/03/2002;0000;107.2;31.022581;20.283871;75.290323;
83883;30/04/2002;0000;76.6;28.113333;18.033333;76.810345;
83883;31/05/2002;0000;167.5;23.606452;14.922581;78.475806;
83883;30/06/2002;0000;231.1;20.833333;13.166667;80.858333;
83883;31/07/2002;0000;114.5;20.374194;10.435484;80.612903;
83883;31/08/2002;0000;187.1;23.283871;13.693548;75.508065;
83883;30/09/2002;0000;222.5;22.74;11.056667;69.133333;
83883;31/10/2002;0000;397;26.593548;16.658065;77.129032;
83883;30/11/2002;0000;220.9;27.156667;16.516667;73.008333;
83883;31/12/2002;0000;219.2;28.383871;18.383871;74.870968;
83883;31/01/2003;0000;115.6;30.574194;19.083871;70.951613;
83883;28/02/2003;0000;220.6;29.867857;19.396429;76.339286;
83883;31/03/2003;0000;237;28.358065;17.73871;78.354839;
83883;30/04/2003;0000;146.2;26.226667;14.583333;72.816667;
83883;31/05/2003;0000;68.8;22.358065;11.274194;72.379032;
83883;30/06/2003;0000;147.5;22.493333;13.917241;80.566667;
83883;31/07/2003;0000;101.7;22.045161;11.716129;71.040323;
83883;31/08/2003;0000;69.9;21.354839;8.8;64.774194;
83883;30/09/2003;0000;69.9;25.013333;12.896667;63.858333;
83883;31/10/2003;0000;188.9;27.648387;15.53871;67.653226;
83883;30/11/2003;0000;190.8;27.28;15.666667;65.658333;
83883;31/12/2003;0000;379.7;27.370968;16.822581;73.403226;
83883;31/01/2004;0000;162.5;29.551613;18.387097;70.104839;
83883;29/02/2004;0000;116.1;28.624138;17.227586;67.586207;
83883;31/03/2004;0000;37.5;29.619355;17.1;64.137097;
83883;30/04/2004;0000;201.1;27.763333;17.066667;75.125;
83883;31/05/2004;0000;141.4;18.806452;10.858065;85.959677;
83883;30/06/2004;0000;37.2;21.586667;11.796667;76.416667;
83883;31/07/2004;0000;177.4;19.709677;9.8;74.927419;
83883;31/08/2004;0000;41.7;23.519355;11.219355;66.129032;
83883;30/09/2004;0000;188.7;25.683333;15.45;75.375;
83883;31/10/2004;0000;301.4;26.025806;13.945161;64.758065;
83883;30/11/2004;0000;190;26.313333;15.523333;70.258333;
83883;31/12/2004;0000;113.2;28.825806;17.380645;67.427419;
83883;31/01/2005;0000;251.8;30.316129;19.277419;70.459677;
83883;28/02/2005;0000;8.2;31.346429;18.828571;61.383929;
83883;31/03/2005;0000;91.6;30.503226;18.26129;66.201613;
83883;30/04/2005;0000;288.3;24.983333;15.94;80.291667;
83883;31/05/2005;0000;216.1;23.235484;13.993548;76.040323;
83883;30/06/2005;0000;360.9;22.006667;13.953333;80.633333;
83883;31/07/2005;0000;145.3;19.890323;9.683871;71.08871;
83883;31/08/2005;0000;142.1;23.774194;12.793548;65.741935;
83883;30/09/2005;0000;210;19.566667;10.073333;75.891667;
83883;31/10/2005;0000;312.5;24.935484;16.13871;78.080645;
83883;30/11/2005;0000;72;29.213333;16.87;60.325;
83883;31/12/2005;0000;48.3;29.86129;17.445161;61.629032;
83883;31/01/2006;0000;285.6;30.629032;19.719355;70.798387;
83883;28/02/2006;0000;88.1;29.339286;18.796429;73.776786;
83883;31/03/2006;0000;151.1;28.187097;18.141935;75.604839;
83883;30/04/2006;0000;46.7;25.406667;14.11;72.683333;
83883;31/05/2006;0000;15.1;21.025806;9.922581;74.362903;
83883;30/06/2006;0000;114.3;22.833333;12.863333;72.516667;
83883;31/07/2006;0000;62.8;23.103226;12.929032;70.177419;
83883;31/08/2006;0000;115.4;22.912903;11.958065;61.677419;
83883;30/09/2006;0000;166.5;23.446667;11.946667;65.341667;
83883;31/10/2006;0000;95.7;28.132258;16.412903;70.225806;
83883;30/11/2006;0000;223.8;27.423333;16.526667;69.891667;
83883;31/12/2006;0000;236.3;30.470968;19.425806;69.169355;
83883;31/01/2007;0000;115.5;29.651613;19.493548;75.346774;
83883;28/02/2007;0000;232.1;29.732143;18.996429;74.75;
83883;31/03/2007;0000;151.1;29.596774;19.267742;75.556452;
83883;30/04/2007;0000;298.4;26.57;16.153333;78.825;
83883;31/05/2007;0000;327.9;19.73871;9.916129;80.879032;
83883;30/06/2007;0000;57.7;20.893333;11.67;74.166667;
83883;31/07/2007;0000;217.5;18.532258;8.23871;75.104839;
83883;31/08/2007;0000;66.6;22.719355;11.43871;69.879032;
83883;30/09/2007;0000;116.4;26.79;15.666667;66.066667;
83883;31/10/2007;0000;209.2;26.309677;16.287097;75.241935;
83883;30/11/2007;0000;276.4;27.25;14.873333;67.141667;
83883;31/12/2007;0000;119.6;30.23871;18.396774;67.629032;
83883;31/01/2008;0000;95;29.509677;18.4;70.935484;
83883;29/02/2008;0000;49.2;29.834483;18.248276;69.043103;
83883;31/03/2008;0000;93.4;28.267742;17.519355;74.048387;
83883;30/04/2008;0000;287.1;24.28;14.353333;75.141667;
83883;31/05/2008;0000;70.7;21.506452;11.470968;75.612903;
83883;30/06/2008;0000;211.4;18.036667;8.853333;80.733333;
83883;31/07/2008;0000;29;24.109677;13.416129;65.951613;
83883;31/08/2008;0000;121.6;23.3;13.821053;69.921053;
83883;30/09/2008;0000;166.5;20.823333;10.686667;71.716667;
83883;31/10/2008;0000;319;24.293548;15.435484;78.475806;
83883;30/11/2008;0000;126.7;27.326667;16.79;69.141667;
83883;31/12/2008;0000;43.7;29.667742;17.83871;60.806452;
83883;31/01/2009;0000;170.3;27.43871;18.029032;73.08871;
83883;28/02/2009;0000;159.9;28.742857;19.789286;77.544643;
83883;31/03/2009;0000;17.3;28.216667;18.6125;78.234375;
83883;31/05/2009;0000;197;22.722581;13.177419;;
83883;30/06/2009;0000;80.5;17.88;8.943333;;
83883;31/07/2009;0000;144.8;17.148387;8.609677;;
83883;31/08/2009;0000;240.4;22.506452;12.477419;;
83883;30/09/2009;0000;440;21.236667;12.856667;;
83883;31/10/2009;0000;171.9;25.470968;15.283871;;
83883;30/11/2009;0000;231.7;29.33;19.236667;;
83883;31/12/2009;0000;81;28.96129;19.193548;;
83883;31/01/2010;0000;163.6;28.519355;20.029032;;
83883;31/08/2010;0000;66.4;21.725806;11.516129;65.774194;
83883;30/09/2010;0000;119.9;23.063333;13.47;69.883333;
83883;31/10/2010;0000;159.1;23.783871;13.467742;68.137097;
83883;30/11/2010;0000;115.5;27.06;15.39;63.033333;
83883;31/12/2010;0000;392.4;26.964516;17.877419;75.266129;
83883;31/01/2011;0000;168.3;29.077419;19.803226;78.943548;
83883;28/02/2011;0000;247.8;27.207143;19.789286;86.285714;
83883;31/03/2011;0000;227.1;27;17.56129;75.548387;
83883;30/04/2011;0000;120.5;25.163333;15.56;76.883333;
83883;31/05/2011;0000;59;20.570968;12.129032;78.758065;
83883;30/06/2011;0000;292.4;18.323333;9.58;81.191667;
83883;31/07/2011;0000;211.4;20.106452;11.258065;76.919355;
83883;31/08/2011;0000;266.9;20.619355;11.870968;75.516129;
83883;30/09/2011;0000;187.2;23.113333;12.283333;69.083333;
83883;31/10/2011;0000;315.1;25.590323;15.441935;68.120968;
83883;30/11/2011;0000;91.1;26.54;15.913333;65.966667;
83883;31/12/2011;0000;56.7;28.419355;17.564516;61.822581;
83883;31/01/2012;0000;86.2;29.535484;18.858065;63.58871;
83883;29/02/2012;0000;98.5;31.155172;20.606897;66.543103;
83883;31/03/2012;0000;85.1;28.612903;16.954839;63.709677;
83883;30/04/2012;0000;197.4;24.273333;15.526667;76.883333;
83883;31/05/2012;0000;47;21.993548;12.506452;74.790323;
83883;30/06/2012;0000;101.6;19.806667;10.87;81.841667;
83883;31/07/2012;0000;184.8;18.590323;10.541935;78.322581;
83883;31/08/2012;0000;2.3;24.783871;14.954839;65.153226;
83883;30/09/2012;0000;68.5;25.463333;13.403333;63.058333;
83883;31/10/2012;0000;231.1;25.345161;15.56129;74.491935;
83883;30/11/2012;0000;73.6;28.5;17.14;65.391667;
83883;31/12/2012;0000;289.9;28.816129;19.683871;79.024194;
83883;31/01/2013;0000;133.6;27.877419;17.051613;69.540323;
83883;28/02/2013;0000;138.3;27.485714;18.796429;79.580357;
83883;31/03/2013;0000;307.4;24.445161;16.296774;81.201613;
83883;30/04/2013;0000;181.7;25.063333;14.153333;72.1;
83883;31/05/2013;0000;87.9;21.319355;12.290323;79.862903;
83883;30/06/2013;0000;234.8;18.646667;11.45;87.5;
83883;31/07/2013;0000;78.7;19.564516;9.609677;76.653226;
83883;31/08/2013;0000;218.3;19.783871;9.541935;75.75;
83883;30/09/2013;0000;212;22.336667;12.873333;74.325;
83883;31/10/2013;0000;285.9;24.832258;14.525806;70.798387;
83883;30/11/2013;0000;152.1;28.07;16.833333;67;
83883;31/12/2013;0000;129.5;29.232258;18.806452;71.395161;
83883;31/01/2014;0000;149.6;28.709677;20.106452;77.137097;
83883;28/02/2014;0000;147.2;30.110714;19.707143;69.651786;
83883;31/03/2014;0000;266.3;26.309677;17.116129;78.056452;
83883;30/04/2014;0000;241.8;24.716667;15.59;79.441667;
83883;31/05/2014;0000;272.9;21.183871;12.425806;81.483871;
83883;30/06/2014;0000;538.8;18.893333;11.983333;85.375;
83883;31/07/2014;0000;119.5;19.874194;10.5;79.096774;
83883;31/08/2014;0000;87.3;22.909677;11.867742;71.177419;
83883;30/09/2014;0000;376.7;24.083333;14.74;77.3;
83883;31/10/2014;0000;110.4;28.496774;16.509677;66.919355;
83883;30/11/2014;0000;163.3;27.656667;17.41;70.458333;
83883;31/12/2014;0000;208.7;27.867742;18.403226;76.717742;
83883;31/01/2015;0000;307.5;29.177419;19.080645;80.467742;
83883;28/02/2015;0000;182.1;28.582143;18.728571;79.660714;
83883;31/03/2015;0000;142.2;27.667742;17.990323;78.266129;
83883;30/04/2015;0000;115.8;25.013333;15.276667;76.883333;
83883;31/05/2015;0000;208.5;21.632258;13.103226;82.83871;
83883;30/06/2015;0000;124.1;21.146667;11.603333;77.816667;
83883;31/07/2015;0000;498.2;19.625806;11.325806;84.129032;
83883;31/08/2015;0000;54.2;25.683871;15.783871;63.370968;
83883;30/09/2015;0000;274.8;23.853333;15.163333;73.425;
83883;31/10/2015;0000;209.2;26.219355;16.958065;77.862903;
83883;30/11/2015;0000;335.2;25.793333;17.48;82.425;
83883;31/12/2015;0000;376.4;27.622581;19.693548;81.104839;
