--------------------
BDMEP - INMET
--------------------
Estação           : CORDEIRO - RJ (OMM: 83718)
Latitude  (graus) : -22.02
Longitude (graus) : -42.36
Altitude  (metros): 505.92
Estação Operante
Inicio de operação: 16/07/1971
Periodo solicitado dos dados: 01/01/2000 a 01/01/2016
Os dados listados abaixo são os que encontram-se digitados no BDMEP
Hora em UTC
--------------------
Obs.: Os dados aparecem separados por ; (ponto e vírgula) no formato txt.
      Para o formato planilha XLS, siga as instruções
--------------------
Estacao;Data;Hora;PrecipitacaoTotal;TempMaximaMedia;TempMinimaMedia;UmidadeRelativaMedia;
83718;31/01/2000;0000;163.8;29.112903;19.490323;80.572581;
83718;29/02/2000;0000;206.9;29.241379;19.337931;82.62069;
83718;31/03/2000;0000;120.4;27.658065;18.567742;81.858333;
83718;30/04/2000;0000;39.5;27.3;16.266667;82.075;
83718;31/05/2000;0000;3.2;25.406452;13.641935;78.895161;
83718;30/06/2000;0000;1.4;25.633333;12.11;77.366667;
83718;31/07/2000;0000;14.1;23.203226;11.893548;79.072581;
83718;31/08/2000;0000;25.5;25.751613;12.758065;72.91129;
83718;30/09/2000;0000;77.9;25.033333;15.503333;78.558333;
83718;31/10/2000;0000;45;30.13871;17.751613;73.120968;
83718;30/11/2000;0000;181.6;27.606667;18.196667;79.883333;
83718;31/12/2000;0000;272.9;29.183871;19.096774;80.209677;
83718;31/01/2001;0000;131.3;30.364516;19.035484;78.008065;
83718;28/02/2001;0000;80.1;31.885714;19.753571;75.169643;
83718;31/03/2001;0000;99.1;31.054839;18.8;76.862903;
83718;30/04/2001;0000;46.6;29.856667;17.566667;79.017857;
83718;31/05/2001;0000;58.6;26.170968;14.958065;81.741935;
83718;30/06/2001;0000;1.8;25.896667;14.063333;82.116667;
83718;31/07/2001;0000;0;;;;
83718;31/10/2001;0000;;26.984;16.146667;77.97;
83718;30/11/2001;0000;;28.067857;18.863333;83.198276;
83718;31/12/2001;0000;;27.903846;18.988889;84.69;
83718;31/01/2002;0000;;29.846429;19.726667;83.321429;
83718;28/02/2002;0000;;28.224;19.414286;86.818182;
83718;31/03/2002;0000;;30.510345;19.180645;80.776786;
83718;30/04/2002;0000;;29.923333;16.889655;78.691667;
83718;31/05/2002;0000;69.4;27.183871;16.122581;81.040323;
83718;30/06/2002;0000;4.3;26.72;14.776667;81.791667;
83718;31/07/2002;0000;24.9;24.325806;13.680645;81.66129;
83718;31/08/2002;0000;12.9;27.651613;14.680645;74.846774;
83718;30/09/2002;0000;66.8;24.77;15.026667;78.233333;
83718;31/10/2002;0000;57.8;30.722581;17.287097;66.822581;
83718;30/11/2002;0000;241.6;29.02;18.5;76.991667;
83718;31/12/2002;0000;229.1;29.148387;20.245161;80.806452;
83718;31/01/2003;0000;369.1;29.545161;20.529032;83.991935;
83718;28/02/2003;0000;91.9;31.514286;19.175;75.839286;
83718;31/03/2003;0000;126.2;29.432258;19.13871;81.443548;
83718;30/04/2003;0000;53;28.203333;17.296667;80.258333;
83718;31/05/2003;0000;33.3;25.593548;14.032258;79.806452;
83718;30/06/2003;0000;0;26.893333;13.583333;79.766667;
83718;31/07/2003;0000;32.9;25.322581;12.196774;77.629032;
83718;31/08/2003;0000;67;24;12.854839;80.104839;
83718;30/09/2003;0000;30.3;25.236667;15.28;78.591667;
83718;31/10/2003;0000;92.5;27.003226;16.16129;75.798387;
83718;30/11/2003;0000;153.2;27.796667;18.353333;78.475;
83718;31/12/2003;0000;220.4;28.625806;19.670968;81.66129;
83718;31/01/2004;0000;201.4;28.029032;19.141935;80.516129;
83718;29/02/2004;0000;268.8;27.868966;19.410345;82.818966;
83718;31/03/2004;0000;166;28.045161;17.845161;82.419355;
83718;30/04/2004;0000;99.5;27.186667;18.306667;84.516667;
83718;31/05/2004;0000;52.8;24.716129;15.280645;84.943548;
83718;30/06/2004;0000;27.2;23.513333;13.373333;86.208333;
83718;31/07/2004;0000;22.6;22.445161;12.664516;85.080645;
83718;31/08/2004;0000;11.9;25.593548;12.222581;76.991935;
83718;30/09/2004;0000;5.7;28.296667;15.133333;71.033333;
83718;31/10/2004;0000;85.8;26.66129;16.86129;75.016129;
83718;30/11/2004;0000;230.2;27.616667;17.863333;75.691667;
83718;31/12/2004;0000;308.4;27.93871;19.141935;84.620968;
83718;31/01/2005;0000;270.5;28.6;19.812903;82.153226;
83718;28/02/2005;0000;228.1;29.125;18.464286;82.357143;
83718;31/03/2005;0000;187.7;29.512903;19.603226;83.887097;
83718;30/04/2005;0000;23.7;28.7;18.626667;81.35;
83718;31/05/2005;0000;38.5;26.296774;15.432258;83.532258;
83718;30/06/2005;0000;36;25.173333;14.066667;85.816667;
83718;31/07/2005;0000;48.4;23.393548;13.396774;83.5;
83718;31/08/2005;0000;19.6;26.387097;14.351613;79.33871;
83718;30/09/2005;0000;57.6;25.066667;16.083333;80.075;
83718;31/10/2005;0000;80.2;29.970968;18.254839;72.774194;
83718;30/11/2005;0000;231.3;26.496667;17.96;80.116667;
83718;31/12/2005;0000;204;27.709677;18.032258;79.854839;
83718;31/01/2006;0000;106.8;30.780645;19.041935;73.403226;
83718;28/02/2006;0000;141.2;30.921429;20.271429;77.223214;
83718;31/03/2006;0000;96.9;29.654839;19.532258;80.532258;
83718;30/04/2006;0000;26.4;27.743333;17.076667;79.466667;
83718;31/05/2006;0000;28.2;24.912903;13.774194;81.024194;
83718;30/06/2006;0000;8.6;24.353333;12.363333;79.191667;
83718;31/07/2006;0000;8.2;25.835484;11.974194;74.870968;
83718;31/08/2006;0000;21.8;26.564516;14.183871;74.153226;
83718;30/09/2006;0000;63.9;25.673333;14.55;73.691667;
83718;31/10/2006;0000;198.9;26.622581;17.319355;80.048387;
83718;30/11/2006;0000;353.6;27.143333;18.706667;80.041667;
83718;31/12/2006;0000;211.1;28.422581;19.7;80.524194;
83718;31/01/2007;0000;688.5;27.606452;20.048387;86.056452;
83718;28/02/2007;0000;140.5;29.607143;19.021429;79.455357;
83718;31/03/2007;0000;71.1;31.087097;19.054839;76.048387;
83718;30/04/2007;0000;39.1;28.916667;17.863333;81.333333;
83718;31/05/2007;0000;27.8;25.351613;14.006452;81.717742;
83718;30/06/2007;0000;7.5;25.826667;13.043333;82.041667;
83718;31/07/2007;0000;24.4;25.406452;13.083871;78.016129;
83718;31/08/2007;0000;2.4;26.493548;13.525806;74.225806;
83718;30/09/2007;0000;27.9;27.69;14.986667;70.95;
83718;31/10/2007;0000;121.9;29.483871;17.03871;73.991935;
83718;30/11/2007;0000;193.3;27.73;18.436667;79.191667;
83718;31/12/2007;0000;282.4;29.790323;19.012903;78;
83718;31/01/2008;0000;322.6;27.919355;18.558065;80.766129;
83718;29/02/2008;0000;223.6;29.275862;19.241379;81.577586;
83718;31/03/2008;0000;247.1;28.925806;18.503226;82.870968;
83718;30/04/2008;0000;79.2;27.85;18.273333;85.15;
83718;31/05/2008;0000;32.6;25.345161;13.667742;81.709677;
83718;30/06/2008;0000;30.2;23.94;14.263333;84.05;
83718;31/07/2008;0000;16.2;25.096774;10.948387;78.354839;
83718;31/08/2008;0000;5.5;26.725806;14.009677;74.596774;
83718;30/09/2008;0000;64.7;26.263333;14.103333;72.091667;
83718;31/10/2008;0000;64.2;27.490323;18.193548;78.5;
83718;30/11/2008;0000;183.5;26.486667;18.08;82.941667;
83718;31/12/2008;0000;458;26.409677;18.677419;83.379032;
83718;31/01/2009;0000;337.8;28.558065;19.758065;82.016129;
83718;28/02/2009;0000;77.9;30.546429;19.842857;78.4375;
83718;31/03/2009;0000;170.3;29.625806;19.664516;83.459677;
83718;30/04/2009;0000;77.2;27.27;17.113333;83.583333;
83718;31/05/2009;0000;11.9;25.516129;15.187097;83.08871;
83718;30/06/2009;0000;32.3;23.88;12.936667;83.133333;
83718;31/07/2009;0000;29.7;24.445161;14.541935;82.91129;
83718;31/08/2009;0000;3.2;24.858065;13.76129;78.790323;
83718;30/09/2009;0000;70.5;28.386667;17.09;75.941667;
83718;31/10/2009;0000;122.8;27.619355;18.570968;80.370968;
83718;30/11/2009;0000;310.2;30.846667;19.956667;77.841667;
83718;31/12/2009;0000;335.9;28.722581;19.845161;82.83871;
83718;31/01/2010;0000;103.3;31.409677;19.935484;77.346774;
83718;28/02/2010;0000;35.8;32.317857;19.882143;71.232143;
83718;31/03/2010;0000;249.8;30.003226;19.806452;82.33871;
83718;30/04/2010;0000;92.6;27.81;17.07;80.325;
83718;31/05/2010;0000;40.7;25.190323;15.025806;84.758065;
83718;30/06/2010;0000;1.9;23.646667;11.4;80.525;
83718;31/07/2010;0000;35.9;24.735484;14.012903;82.870968;
83718;31/08/2010;0000;4;25.619355;11.96129;71.120968;
83718;30/09/2010;0000;28.9;26.953333;14.83;71.9;
83718;31/10/2010;0000;122.3;26.877419;16.903226;75.282258;
83718;30/11/2010;0000;272;26.886667;18.196667;82.758333;
83718;31/12/2010;0000;340.1;29.954839;20.409677;82.153226;
83718;31/01/2011;0000;265.2;29.851613;19.980645;80.540323;
83718;28/02/2011;0000;91.2;31.592593;19.511111;73.173077;
83718;31/03/2011;0000;268.8;27.712903;19.383871;86.733871;
83718;30/04/2011;0000;136.8;27.66;18.243333;83.875;
83718;31/05/2011;0000;43.6;24.196774;13.877419;84.056452;
83718;30/06/2011;0000;13.1;23.213333;12.79;82.783333;
83718;31/07/2011;0000;1.6;24.151613;12.435484;80.233871;
83718;31/08/2011;0000;39.3;26.903226;14.545161;74.991935;
83718;30/09/2011;0000;1.4;26.563333;13.516667;67.982759;
83718;31/10/2011;0000;159.1;26.751613;17.029032;;
83718;30/11/2011;0000;211.3;25.373333;16.36;;
83718;31/12/2011;0000;355.8;26.906452;19.096774;;
83718;31/01/2012;0000;482.1;27.651613;18.870968;;
83718;29/02/2012;0000;44.1;30.151724;18.744828;;
83718;31/03/2012;0000;161.5;29.464516;18.735484;;
83718;30/04/2012;0000;69.8;27.323333;18.21;;
83718;31/05/2012;0000;86.8;24.109677;14.293548;;
83718;30/06/2012;0000;17.6;25.02;15.57;;
83718;31/07/2012;0000;5.1;25.319355;13.103226;;
83718;31/08/2012;0000;46.6;24.564516;13.093548;;
83718;31/10/2012;0000;31.3;30.26129;16.693548;;
83718;30/11/2012;0000;208.1;26.64;18.246667;;
83718;31/12/2012;0000;95.8;31.832258;20.267742;;
83718;31/01/2013;0000;188.2;29.025806;19.770968;;
83718;28/02/2013;0000;90.6;30.960714;19.653571;;
83718;31/03/2013;0000;202.1;28.680645;19.706452;;
83718;30/04/2013;0000;22.9;26.143333;16.736667;;
83718;31/05/2013;0000;30.6;25.190323;14.780645;;
83718;30/06/2013;0000;37.9;24.933333;15.716667;;
83718;31/07/2013;0000;24.4;23.96129;13.564516;;
83718;31/08/2013;0000;32.8;26.274194;13.377419;;
83718;30/09/2013;0000;46.4;26.61;15.12;;
83718;31/10/2013;0000;0;;;;
83718;30/11/2013;0000;167.8;27.516667;17.823333;;
83718;31/12/2013;0000;372.7;28.987097;20.029032;;
83718;31/01/2014;0000;50.9;32.080645;19.187097;;
83718;28/02/2014;0000;9.3;32.060714;18.607143;;
83718;31/03/2014;0000;77.1;29.696774;18.941935;;
83718;31/05/2014;0000;16.5;26.167742;14.470968;;
83718;30/06/2014;0000;38.7;25.476667;14.38;;
83718;31/07/2014;0000;27;23.848387;13.609677;;
83718;31/08/2014;0000;39.1;26.012903;13.235484;;
83718;30/09/2014;0000;1.1;28.763333;14.71;;
83718;31/10/2014;0000;53;29.683871;15.964516;;
83718;30/11/2014;0000;185.8;28.74;17.75;;
83718;31/12/2014;0000;94.1;30.651613;19.332258;;
83718;31/01/2015;0000;94.6;33.906452;19.606452;;
83718;28/02/2015;0000;59.2;31.157143;19.603571;;
83718;31/03/2015;0000;176.8;30.035484;19.43871;;
83718;30/04/2015;0000;63.2;27.326667;17.036667;;
83718;31/05/2015;0000;38.5;24.6;15.090323;;
83718;30/06/2015;0000;21.6;24.846667;14.246667;;
83718;31/07/2015;0000;26.5;25.119355;14.587097;;
83718;31/08/2015;0000;0;;;;
83718;30/09/2015;0000;50;28.413333;16.966667;;
83718;31/10/2015;0000;45.4;30.419355;18.041935;;
83718;30/11/2015;0000;243.4;29.88;20.516667;;
83718;31/12/2015;0000;186.9;30.532258;20.174194;;
