--------------------
BDMEP - INMET
--------------------
Estação           : CORONEL PACHECO - MG (OMM: 83037)
Latitude  (graus) : -21.55
Longitude (graus) : -43.26
Altitude  (metros): 435.00
Estação 
Inicio de operação: 01/01/1955
Periodo solicitado dos dados: 01/01/2000 a 01/01/2016
Os dados listados abaixo são os que encontram-se digitados no BDMEP
Hora em UTC
--------------------
Obs.: Os dados aparecem separados por ; (ponto e vírgula) no formato txt.
      Para o formato planilha XLS, siga as instruções
--------------------
Estacao;Data;Hora;PrecipitacaoTotal;TempMaximaMedia;TempMinimaMedia;UmidadeRelativaMedia;
83037;31/01/2000;0000;360.7;29.867742;19.635484;83.741935;
83037;29/02/2000;0000;137.5;30.475862;19.593103;83.965517;
83037;31/03/2000;0000;235;28.906452;19.283871;84.379032;
83037;30/04/2000;0000;34.9;28.263333;15.94;83.108333;
83037;31/05/2000;0000;5.5;26.758065;12.348387;81.072581;
83037;30/06/2000;0000;0.8;26.766667;9.78;80.825;
83037;31/07/2000;0000;6.4;24.5;10.76129;80.072581;
83037;31/08/2000;0000;51.5;26.66129;11.516129;77.798387;
83037;30/09/2000;0000;106.6;25.82;15.383333;78.058333;
83037;31/10/2000;0000;51.1;30.716129;17.712903;69.120968;
83037;30/11/2000;0000;178.7;27.733333;18.743333;81.125;
83037;31/12/2000;0000;252.2;29.935484;19.580645;79.145161;
83037;31/01/2001;0000;133.1;31.216129;19.509677;74.701613;
83037;28/02/2001;0000;75.2;32.742857;19.696429;75.1875;
83037;31/03/2001;0000;234.8;31.193548;18.645161;79.298387;
83037;30/04/2001;0000;15.7;30.443333;17.306667;76.325;
83037;31/05/2001;0000;36.9;26.86129;14.364516;77;
83037;30/06/2001;0000;0;26.57;12.65;80.175;
83037;31/07/2001;0000;1.5;26.393548;10.622581;77.33871;
83037;31/08/2001;0000;7.3;27.529032;11.996774;72.33871;
83037;30/09/2001;0000;40.5;26.77;14.536667;71.908333;
83037;31/10/2001;0000;81.9;27.777419;16.035484;74.169355;
83037;30/11/2001;0000;265.2;29.18;19.226667;79.966667;
83037;31/12/2001;0000;309;28.867742;19.403226;80.862903;
83037;31/01/2002;0000;322.2;29.974194;19.770968;81.66129;
83037;28/02/2002;0000;374.1;28.985714;20.075;84.401786;
83037;31/03/2002;0000;149.7;31.267742;18.858065;77.266129;
83037;30/04/2002;0000;11;30.726667;17.066667;76.958333;
83037;31/05/2002;0000;53.9;27.229032;15.151613;81.08871;
83037;30/06/2002;0000;0;27.186667;12.693333;78.7;
83037;31/07/2002;0000;3;25.667742;12.26129;76.951613;
83037;31/08/2002;0000;22.9;28.564516;13.270968;73.282258;
83037;30/09/2002;0000;96.6;25.973333;14.88;73.158333;
83037;31/10/2002;0000;100;31.506452;16.258065;66.056452;
83037;30/11/2002;0000;245.7;29.473333;18.516667;75.2;
83037;31/12/2002;0000;244.4;30.264516;20.283871;78.5;
83037;31/01/2003;0000;351.4;30.258065;20.429032;83.709677;
83037;28/02/2003;0000;116.8;32.5;18.875;73.491071;
83037;31/03/2003;0000;268.5;30.2;19.34;77.774194;
83037;30/04/2003;0000;63.6;28.87;16.92;79.166667;
83037;31/05/2003;0000;25.2;26.354839;12.535484;80;
83037;30/06/2003;0000;3.4;27.683333;11.103333;79.175;
83037;31/07/2003;0000;23.5;26.029032;9.909677;75.540323;
83037;31/08/2003;0000;40.2;24.745161;10.46129;76.580645;
83037;30/09/2003;0000;29.1;26.606667;14.406667;73.25;
83037;31/10/2003;0000;136;27.951613;15.893548;72.612903;
83037;30/11/2003;0000;367.4;28.386667;18.186667;76.375;
83037;31/12/2003;0000;292.2;29.554839;19.877419;79.903226;
83037;31/01/2004;0000;349.5;28.558065;19.429032;78.508065;
83037;29/02/2004;0000;420.4;28.796552;19.331034;81.327586;
83037;31/03/2004;0000;215.4;28.864516;18.435484;79.112903;
83037;30/04/2004;0000;152.9;27.57;18.41;83.266667;
83037;31/05/2004;0000;31.4;25.470968;14.880645;82.443548;
83037;30/06/2004;0000;39.2;24.356667;12.16;83.108333;
83037;31/07/2004;0000;33.9;23.116129;12.5;81.096774;
83037;31/08/2004;0000;0.2;26.425806;11.183871;73;
83037;30/09/2004;0000;1.7;29.566667;13.976667;68.55;
83037;31/10/2004;0000;87.3;27.332258;17.058065;74.701613;
83037;30/11/2004;0000;194;28.123333;17.883333;77.716667;
83037;31/12/2004;0000;480.8;28.248387;19.6;81.862903;
83037;31/01/2005;0000;393.7;29.183871;20.3;82;
83037;28/02/2005;0000;187.9;29.910714;19.110714;79.794643;
83037;31/03/2005;0000;304.9;29.603226;20.048387;80.645161;
83037;30/04/2005;0000;55.8;29.15;19.006667;79.008333;
83037;31/05/2005;0000;74.8;26.535484;15.396774;81.129032;
83037;30/06/2005;0000;33.7;25.223333;13.236667;82.15;
83037;31/07/2005;0000;24.4;24.429032;12.041935;82.306452;
83037;31/08/2005;0000;22.7;26.932258;12.687097;79.072581;
83037;30/09/2005;0000;50.8;25.91;16.163333;77.941667;
83037;31/10/2005;0000;66.6;30.416129;17.306452;73.645161;
83037;30/11/2005;0000;161.9;27.086667;18.453333;80.016667;
83037;31/12/2005;0000;347.3;28.332258;18.125806;78.379032;
83037;31/01/2006;0000;108.6;31.112903;19.525806;74.435484;
83037;28/02/2006;0000;295.4;31.653571;19.75;78.642857;
83037;31/03/2006;0000;169.1;30.219355;19.687097;80.620968;
83037;30/04/2006;0000;50.3;28.246667;17.283333;82.516667;
83037;31/05/2006;0000;37.4;25.606452;13.016129;81.854839;
83037;30/06/2006;0000;7.1;24.656667;11.373333;80.916667;
83037;31/07/2006;0000;7.6;26.26129;9.351613;79.177419;
83037;31/08/2006;0000;59.9;27.119355;12.064516;77.798387;
83037;30/09/2006;0000;53.4;26.01;13.976667;76.816667;
83037;31/10/2006;0000;160;27.43871;18.222581;79.483871;
83037;30/11/2006;0000;249.6;28.073333;18.903333;80.75;
83037;31/12/2006;0000;228.1;29.193548;20.277419;82.258065;
83037;31/01/2007;0000;681.4;28.980645;20.451613;85.056452;
83037;28/02/2007;0000;78;30.503571;19.5;80.107143;
83037;31/03/2007;0000;119.2;32.096774;18.409677;76.58871;
83037;30/04/2007;0000;45.7;;18.193333;79.425;
83037;31/05/2007;0000;37;25.16;12.535484;80.701613;
83037;30/06/2007;0000;8.8;27.106667;10.18;79.525;
83037;31/07/2007;0000;7.1;26.412903;10.541935;77.137097;
83037;31/08/2007;0000;3.2;27.987097;11.112903;74.733871;
83037;30/09/2007;0000;13;28.793333;14.326667;66.758333;
83037;31/10/2007;0000;180.6;30.770968;17.148387;70.427419;
83037;30/11/2007;0000;147;28.413333;18.82;74.483333;
83037;31/12/2007;0000;292.3;30.680645;19.6;78.427419;
83037;31/01/2008;0000;388;28.864516;19.093548;80.798387;
83037;29/02/2008;0000;282.5;30.213793;19.496552;80.939655;
83037;31/03/2008;0000;475.5;29.829032;18.870968;78.354839;
83037;30/04/2008;0000;135;29.103333;18.35;82.433333;
83037;31/05/2008;0000;0;27.096774;13.248387;76.653226;
83037;30/06/2008;0000;20.5;;13.123333;82.116667;
83037;31/07/2008;0000;0;;9.325806;72.645161;
83037;31/08/2008;0000;6;;12.43871;69.16129;
83037;30/09/2008;0000;62.7;27.383333;12.673333;70.991667;
83037;31/10/2008;0000;175.3;29.13871;17.829032;76.758065;
83037;30/11/2008;0000;3;;;;
83037;31/01/2009;0000;267.9;30.348387;20.351613;79.75;
83037;28/02/2009;0000;149.3;31.667857;20.45;78.375;
83037;31/03/2009;0000;167.1;31.196774;20.519355;80.040323;
83037;30/04/2009;0000;37;28.936667;17.616667;79.408333;
