--------------------
BDMEP - INMET
--------------------
Estação           : CRATEUS - CE (OMM: 82583)
Latitude  (graus) : -5.16
Longitude (graus) : -40.66
Altitude  (metros): 296.82
Estação Operante
Inicio de operação: 01/12/1962
Periodo solicitado dos dados: 01/01/2000 a 01/01/2016
Os dados listados abaixo são os que encontram-se digitados no BDMEP
Hora em UTC
--------------------
Obs.: Os dados aparecem separados por ; (ponto e vírgula) no formato txt.
      Para o formato planilha XLS, siga as instruções
--------------------
Estacao;Data;Hora;PrecipitacaoTotal;TempMaximaMedia;TempMinimaMedia;UmidadeRelativaMedia;
82583;31/01/2000;0000;85.1;31.116129;21.903226;74.540323;
82583;29/02/2000;0000;296;31.524138;21.371429;78.196429;
82583;31/03/2000;0000;174;31.058065;21.651613;81.08871;
82583;30/04/2000;0000;160.9;30.403333;21.58;83.325;
82583;31/05/2000;0000;32;31.345161;20.841935;75.201613;
82583;30/06/2000;0000;12.1;32.13;20.73;63.844828;
82583;31/07/2000;0000;13.1;32.754839;21.016129;58.153226;
82583;31/08/2000;0000;11.9;33.725806;21.341935;49.693548;
82583;30/09/2000;0000;0.6;35.016667;23.17;45.875;
82583;31/10/2000;0000;0.1;35.896774;23.429032;39.225;
82583;30/11/2000;0000;0.9;35.42;23.36;41.841667;
82583;31/01/2001;0000;10.8;34.2;23.225806;54.282258;
82583;28/02/2001;0000;144.2;32.553571;22.335714;72.544643;
82583;31/03/2001;0000;133.6;31.177419;22.054839;78.241935;
82583;30/04/2001;0000;154.3;30.696667;21.8;82.183333;
82583;31/05/2001;0000;22.8;32.503226;21.116129;70.516129;
82583;30/06/2001;0000;38.3;32.2;21.133333;61.783333;
82583;31/07/2001;0000;4.1;33.229032;20.864516;51.120968;
82583;31/08/2001;0000;0.3;34.341935;21.25;40.625;
82583;30/09/2001;0000;0;35.586667;23.053333;41.208333;
82583;31/10/2001;0000;0;36.04;23.545;41.5625;
82583;30/11/2001;0000;0;35.74;23.633333;43.408333;
82583;31/12/2001;0000;0;;;;
82583;31/01/2002;0000;274.2;31.051613;22.090323;78.532258;
82583;28/02/2002;0000;25.6;32.475;21.835714;68.517857;
82583;31/03/2002;0000;123.7;31.43871;21.954839;78.306452;
82583;30/04/2002;0000;99;30.423333;21.68;82.158333;
82583;31/05/2002;0000;27.1;32.16129;21.335484;70.766129;
82583;30/06/2002;0000;22.3;32.604348;21.313043;61.054348;
82583;31/07/2002;0000;5.2;33.8;21.496774;50.564516;
82583;31/08/2002;0000;0;34.854839;22.012903;41.4;
82583;30/09/2002;0000;0;35.643333;22.74;41.2;
82583;31/10/2002;0000;0;36.43871;23.774194;38.387097;
82583;30/11/2002;0000;0;36.183333;24.093333;43.275;
82583;31/01/2003;0000;117.3;34.632258;23.2;54.566667;
82583;28/02/2003;0000;200.1;31.189286;22.517857;76.04;
82583;31/03/2003;0000;414.9;30.925806;22.106452;79.806452;
82583;30/04/2003;0000;57.5;31.19;22.486667;79.966667;
82583;31/05/2003;0000;50.2;31.948387;21.274194;72.5;
82583;30/06/2003;0000;41.5;32.096667;20.316667;65.233333;
82583;31/07/2003;0000;19.3;33.080645;19.983871;53.066667;
82583;31/08/2003;0000;0.3;34.819355;21.419355;44.709677;
82583;30/09/2003;0000;0;35.776667;22.866667;41.769231;
82583;31/10/2003;0000;0;36.458065;23.641935;41.607143;
82583;30/11/2003;0000;0.1;36.336667;24.283333;41.551724;
82583;31/12/2003;0000;0;;;;
82583;31/01/2004;0000;644.3;32.429032;23.212903;67.733333;
82583;29/02/2004;0000;198.1;30.82069;22.413793;78.793103;
82583;31/03/2004;0000;71;31.532258;22.458065;75;
82583;30/04/2004;0000;48.6;32.206667;22.446667;71.666667;
82583;31/05/2004;0000;38.1;32.864516;21.619355;67.633333;
82583;30/06/2004;0000;43.2;31.296667;20.716667;66.966667;
82583;31/07/2004;0000;3.4;32.722581;20.825806;56.290323;
82583;31/08/2004;0000;6.2;34.603226;21.696774;44.935484;
82583;30/09/2004;0000;0;35.636667;23.166667;40.307692;
82583;31/10/2004;0000;0;36.177419;23.783871;42.032258;
82583;30/11/2004;0000;0;;;;
82583;31/12/2004;0000;16.2;35.707692;23.87037;45.461538;
82583;31/01/2005;0000;199.8;34.3;23.383871;57.310345;
82583;28/02/2005;0000;38.5;33.578571;23.585714;63.642857;
82583;31/03/2005;0000;248.1;34.019355;23.387097;74.4;
82583;30/04/2005;0000;41.3;32.02;22.885;74.947368;
82583;31/05/2005;0000;90;30.948387;21.903226;72.806452;
82583;30/06/2005;0000;13.8;32.29;21.45;64;
82583;31/07/2005;0000;0.1;33.66129;20.764516;54.566667;
82583;31/08/2005;0000;14;34.241935;22.03871;53.709677;
82583;30/09/2005;0000;0;35.383333;22.81;49.133333;
82583;31/10/2005;0000;0;36.416129;23.651613;44.072581;
82583;30/11/2005;0000;0.1;36.16;23.966667;44.041667;
82583;31/12/2005;0000;12.4;35.387097;24.367742;49.201613;
82583;31/01/2006;0000;96.3;34.677419;23.958065;53.822581;
82583;28/02/2006;0000;118.2;33.1;23.157143;70.821429;
82583;31/03/2006;0000;136.1;31.912903;22.735484;78.532258;
82583;30/04/2006;0000;140.5;30.843333;22.54;85.758333;
82583;31/05/2006;0000;81.9;30.609677;21.641935;80.975806;
82583;30/06/2006;0000;27.1;31.656667;20.406667;66.766667;
82583;31/07/2006;0000;0.2;33.219355;20.809677;57.306452;
82583;31/08/2006;0000;2.5;34.148387;21.432258;50.169355;
82583;30/09/2006;0000;0.9;35.246667;23.116667;46.208333;
82583;31/10/2006;0000;2;36.03871;23.6;45.137097;
82583;30/11/2006;0000;0;35.636667;24;49.116667;
82583;31/12/2006;0000;5.5;35.403226;24.090323;50.298387;
82583;31/01/2007;0000;6.4;35.929032;24.73871;51.475806;
82583;28/02/2007;0000;281.2;32.557143;22.892857;74.133929;
82583;31/03/2007;0000;61.1;31.309677;22.612903;77.879032;
82583;30/04/2007;0000;76.4;32.796667;22.823333;75.083333;
82583;31/05/2007;0000;30.4;32.867742;21.609677;68.258065;
82583;30/06/2007;0000;9.1;32.9;21.07;58.808333;
82583;31/07/2007;0000;2.7;33.858065;22;51.637097;
82583;31/08/2007;0000;0.5;34.012903;22.067742;46.717742;
82583;30/09/2007;0000;0;34.99;22.923333;40.958333;
82583;31/10/2007;0000;0;35.887097;23.464516;40.508065;
82583;30/11/2007;0000;0;36.06;23.856667;44.108333;
82583;31/12/2007;0000;23.2;34.390323;23.406452;55.330645;
82583;31/01/2008;0000;26.9;33.906452;23.583871;65.5;
82583;29/02/2008;0000;135.9;33.134483;22.603448;67.931034;
82583;31/03/2008;0000;405.6;30.23871;22.096774;85.806452;
82583;30/04/2008;0000;262.6;29.84;22.326667;87.208333;
82583;31/05/2008;0000;32.1;30.496774;21.577419;81.491935;
82583;30/06/2008;0000;2;31.84;20.21;67.108333;
82583;31/07/2008;0000;20.5;32.145161;20.296774;60.733871;
82583;31/08/2008;0000;45.4;33.632258;21.309677;56.629032;
82583;30/09/2008;0000;0;35.5;22.83;46.266667;
82583;31/10/2008;0000;0;36.116129;23.645161;43.145161;
82583;30/11/2008;0000;0.6;36.28;23.64;43.625;
82583;31/12/2008;0000;1.1;35.825806;24.167742;50.467742;
82583;31/01/2009;0000;67;34.309677;23.558065;59.758065;
82583;28/02/2009;0000;181.2;31.6;22.317857;78.071429;
82583;31/03/2009;0000;112.5;31.070968;22.545161;;
82583;30/04/2009;0000;508;30.17;22.193333;;
82583;31/05/2009;0000;189.3;29.732258;22.390323;;
82583;30/06/2009;0000;7.3;30.533333;20.636667;78.8;
82583;31/07/2009;0000;14.8;31.522581;19.983871;69.822581;
82583;31/08/2009;0000;18.6;33.058065;20.519355;57.935484;
82583;30/09/2009;0000;2.7;34.903333;22.293333;50.058333;
82583;31/10/2009;0000;0.2;35.677419;22.841935;45.522727;
82583;30/11/2009;0000;0.6;36.01;23.606667;44.966667;
82583;31/12/2009;0000;5;35.180645;24.429032;;
82583;31/01/2010;0000;86.8;33.358065;22.925806;67.032258;
82583;28/02/2010;0000;14.1;35.360714;24.575;57.321429;
82583;31/03/2010;0000;68.4;35.745161;24.374194;59.112903;
82583;30/04/2010;0000;108.9;32.29;23.25;;
82583;31/05/2010;0000;18.4;34.767742;23.090323;64.427419;
82583;30/06/2010;0000;2.6;34.103333;22.226667;54.808333;
82583;31/07/2010;0000;2.4;34.445161;22.441935;45.725806;
82583;31/08/2010;0000;0;34.625806;22.680645;43.733871;
82583;30/09/2010;0000;0;35.623333;23.173333;39.516667;
82583;31/10/2010;0000;30;35.932258;23.612903;46.362903;
82583;30/11/2010;0000;0.4;35.966667;24.113333;44.383333;
82583;31/12/2010;0000;108.6;33.351613;23.303226;64.5625;
82583;31/01/2011;0000;184.3;30.783871;22.1;77.330645;
82583;28/02/2011;0000;114.1;30.878571;22.025;80.714286;
82583;31/03/2011;0000;157.7;30.635484;22.025806;83.282258;
82583;30/04/2011;0000;215;30.86;21.59;83.966667;
82583;31/05/2011;0000;177.5;30.006452;21.667742;83.822581;
82583;30/06/2011;0000;13.4;31.75;20.43;72.058333;
82583;31/07/2011;0000;16.9;32.203226;20.109677;64.806452;
82583;31/08/2011;0000;14.1;34.219355;21.148387;53.475806;
82583;30/09/2011;0000;0;35.34;22.156667;44.541667;
82583;31/10/2011;0000;27.9;35.26129;23.109677;51.048387;
82583;30/11/2011;0000;37.8;34.606667;23.246667;53.175;
82583;31/12/2011;0000;0;36.587097;23.4;48.766667;
82583;31/01/2012;0000;52.2;34.248387;23.583871;55.814516;
82583;29/02/2012;0000;40.7;33.637931;22.917241;63.913793;
82583;31/03/2012;0000;64.8;33.606452;22.541935;72.375;
82583;30/04/2012;0000;51.9;34.356667;22.55;68.016667;
82583;31/05/2012;0000;4.7;35.096774;23.029032;55.258065;
82583;30/06/2012;0000;0;34.333333;22.586667;52.641667;
82583;31/07/2012;0000;0.4;34.248387;22.683871;47.685484;
82583;31/08/2012;0000;0;34.716129;22.454839;41.241935;
82583;30/09/2012;0000;0;35.64;23.183333;40.5;
82583;31/10/2012;0000;0.5;36.26129;23.854839;43.169355;
82583;30/11/2012;0000;0.1;36.053333;23.9;45.925;
82583;31/12/2012;0000;6.3;35.654839;24.512903;50.548387;
82583;31/01/2013;0000;13.7;35.125806;24.329032;56.556452;
82583;28/02/2013;0000;95.6;35.189286;24.153571;55.839286;
82583;31/03/2013;0000;63.4;34.780645;24.364516;61.548387;
82583;30/04/2013;0000;90.8;33.33;23.573333;71.2;
82583;31/05/2013;0000;48.9;32.367742;22.283871;70.266667;
82583;30/06/2013;0000;37.6;32.373333;21.726667;66.75;
82583;31/07/2013;0000;11.3;33.16129;21.629032;55.733333;
82583;31/08/2013;0000;0.2;34.848276;22.975;50.142857;
82583;30/09/2013;0000;0.2;35.843333;24.016667;47.091667;
82583;31/10/2013;0000;0;36.254839;24.203226;42.951613;
82583;31/12/2013;0000;74.8;35.003226;23.736667;52.525;
82583;31/01/2014;0000;53.5;33.296774;23.13871;62.532258;
82583;28/02/2014;0000;68.1;32.592857;22.903571;68.883929;
82583;31/03/2014;0000;195.5;32.380645;22.606452;74.620968;
82583;30/04/2014;0000;120.8;31.203333;22.24;82.733333;
82583;31/05/2014;0000;47.7;32;21.845161;75.370968;
82583;30/06/2014;0000;0;34.05;21.723333;56.675;
82583;31/07/2014;0000;0.8;34.212903;21.822581;49.298387;
82583;31/08/2014;0000;1.8;34.974194;21.935484;43.879032;
82583;30/09/2014;0000;2;35.746667;23.353333;42.425;
82583;31/10/2014;0000;6.8;35.996774;23.987097;42.903226;
82583;30/11/2014;0000;19;35.436364;23.781818;52.034091;
82583;31/01/2015;0000;75.9;34.577419;23.296774;53.314516;
82583;28/02/2015;0000;93.4;33.742857;23.239286;64.892857;
82583;31/03/2015;0000;163.3;31.851613;22.341935;78.516129;
82583;30/04/2015;0000;127.1;31.763333;22.296667;79.766667;
82583;31/05/2015;0000;20.2;33.448387;22.154839;66.607143;
82583;30/06/2015;0000;58.1;32.816667;21.363333;64.655172;
82583;31/07/2015;0000;23.1;32.916129;21.754839;60.580645;
82583;31/08/2015;0000;0.5;34.83871;21.529032;46.103448;
82583;30/09/2015;0000;0;35.72;23.35;42.166667;
82583;31/10/2015;0000;0;36.519355;23.922581;41.8;
82583;30/11/2015;0000;0;37.313333;;40.466667;
82583;31/12/2015;0000;0;37.233333;24.526667;42.266667;
