--------------------
BDMEP - INMET
--------------------
Estação           : CRUZ ALTA - RS (OMM: 83912)
Latitude  (graus) : -28.63
Longitude (graus) : -53.6
Altitude  (metros): 472.50
Estação Operante
Inicio de operação: 02/02/1912
Periodo solicitado dos dados: 01/01/2000 a 01/01/2016
Os dados listados abaixo são os que encontram-se digitados no BDMEP
Hora em UTC
--------------------
Obs.: Os dados aparecem separados por ; (ponto e vírgula) no formato txt.
      Para o formato planilha XLS, siga as instruções
--------------------
Estacao;Data;Hora;PrecipitacaoTotal;TempMaximaMedia;TempMinimaMedia;UmidadeRelativaMedia;
83912;31/01/2000;0000;106.4;29.929032;18.780645;70.91129;
83912;29/02/2000;0000;51.9;28.510345;17.8;70.862069;
83912;31/03/2000;0000;212.3;27.180645;16.103226;77.282258;
83912;30/04/2000;0000;130.4;25.546667;15.06;74.883333;
83912;31/05/2000;0000;91.5;20.393548;10.225806;77.741935;
83912;30/06/2000;0000;192.8;19.43;11.34;82.091667;
83912;31/07/2000;0000;94.3;16.632258;5.43871;74.104839;
83912;31/08/2000;0000;102.6;21.025806;9.458065;71.330645;
83912;30/09/2000;0000;132;21.806667;10.606667;75.058333;
83912;31/10/2000;0000;311.6;25.593548;14.945161;77.879032;
83912;30/11/2000;0000;137.1;27.513333;14.88;67.633333;
83912;31/12/2000;0000;168;28.993548;17.322581;69.322581;
83912;30/09/2001;0000;68;;;;
83912;31/10/2001;0000;202;26.833333;13.917241;72.596154;
83912;30/11/2001;0000;116;27.866667;16.183333;72.975;
83912;31/12/2001;0000;64;29.37037;17.278571;70.394231;
83912;31/01/2002;0000;175.7;29.593548;17.806452;71.858333;
83912;28/02/2002;0000;101.8;27.996429;17.003571;76.288462;
83912;31/03/2002;0000;164.9;29.970968;19.283871;81.475806;
83912;30/04/2002;0000;236.6;26.193333;15.656667;80.405172;
83912;31/05/2002;0000;184.4;22.925806;14.43871;83.387097;
83912;30/06/2002;0000;215;18.566667;10.158621;83.233333;
83912;31/07/2002;0000;290.4;17.922581;8.729032;83.129032;
83912;31/08/2002;0000;365;20.867742;10.748387;81.41129;
83912;30/09/2002;0000;266.9;21.396667;9.686667;78.233333;
83912;31/10/2002;0000;578.6;24.632258;15.02;84.274194;
83912;30/11/2002;0000;267.3;28.031034;15.436667;76.383333;
83912;31/12/2002;0000;451.4;28.954839;17.845161;78.693548;
83912;31/01/2003;0000;184.7;30.619355;18.76129;76.459677;
83912;28/02/2003;0000;264;29.132143;19.064286;80.571429;
83912;31/03/2003;0000;256.6;28.212903;17.36129;83.798387;
83912;30/04/2003;0000;146.4;25.27;13.54;78.1;
83912;31/05/2003;0000;61.1;22.874194;10.929032;77.419355;
83912;30/06/2003;0000;95.9;21.9;12.62;85.425;
83912;31/07/2003;0000;165.1;19.6;9.567742;82.685484;
83912;31/08/2003;0000;70.4;19.967742;7.819355;75.604839;
83912;30/09/2003;0000;97.9;23.12;11.1;;
83912;31/10/2003;0000;208.3;26.570968;14.258065;;
83912;30/11/2003;0000;232.3;27.633333;14.986667;;
83912;31/12/2003;0000;328.3;27.467742;16.293548;70.104839;
83912;31/01/2004;0000;70.6;30.354839;18.109677;70.104839;
83912;29/02/2004;0000;99.3;28.913793;16.868966;65.405172;
83912;31/03/2004;0000;55.6;29.483871;16.303226;65.241935;
83912;30/04/2004;0000;125.9;27.883333;16.153333;70.633333;
83912;31/05/2004;0000;136.9;19.170968;10.264516;83.75;
83912;30/06/2004;0000;124.9;21.276667;11.18;79.275;
83912;31/07/2004;0000;121.5;18.241935;8.319355;76.758065;
83912;31/08/2004;0000;55.1;21.148387;9.735484;73.629032;
83912;30/09/2004;0000;146.4;23.853333;13.336667;75.158333;
83912;31/10/2004;0000;127.6;25.816129;12.23871;61.919355;
83912;30/11/2004;0000;228.3;26.75;14.293333;68.258333;
83912;31/12/2004;0000;64.7;29.516129;16.948387;61.08871;
83912;31/01/2005;0000;118.8;30.919355;18.609677;64.774194;
83912;28/02/2005;0000;15.3;30.678571;18.082143;65.035714;
83912;31/03/2005;0000;78.3;30.483871;17.380645;63.451613;
83912;30/04/2005;0000;261.7;24.2;14.84;79.1;
83912;31/05/2005;0000;268.7;22.435484;13.325806;79.137097;
83912;30/06/2005;0000;283.7;21.383333;13.506667;85;
83912;31/07/2005;0000;106.9;18.887097;8.616129;75.693548;
83912;31/08/2005;0000;174.5;22.596774;11.1;73.403226;
83912;30/09/2005;0000;139.9;19.126667;9.68;76.058333;
83912;31/10/2005;0000;411.9;23.870968;13.583871;77.354839;
83912;30/11/2005;0000;87.3;29.393333;15.69;61.866667;
83912;31/12/2005;0000;128.1;29.790323;16.567742;61.072581;
83912;31/01/2006;0000;123.1;30.693548;19.580645;72.282258;
83912;28/02/2006;0000;29.6;30.267857;17.639286;69.526786;
83912;31/03/2006;0000;272.1;28.451613;17.148387;74.540323;
83912;30/04/2006;0000;107.2;26.123333;14.093333;69.833333;
83912;31/05/2006;0000;61.5;20.612903;9.458065;74.798387;
83912;30/06/2006;0000;151.8;20.803333;10.98;81.491667;
83912;31/07/2006;0000;149.4;21.887097;12.116129;78.983871;
83912;31/08/2006;0000;65.7;21.736667;10.219355;69.080645;
83912;30/09/2006;0000;127;22.533333;10.276667;69.158333;
83912;31/10/2006;0000;184.5;27.806452;14.729032;68.669355;
83912;30/11/2006;0000;231.4;27.283333;15.263333;66.641667;
83912;31/12/2006;0000;140.1;31.951613;19.1;64.25;
83912;31/01/2007;0000;130.9;29.806452;19.093548;73.298387;
83912;28/02/2007;0000;141.6;30.492857;18.425;71.125;
83912;31/03/2007;0000;109.1;29.677419;19.129032;76.943548;
83912;30/04/2007;0000;164.6;26.92;15.98;74.741667;
83912;31/05/2007;0000;187.5;19.516129;9.512903;78.169355;
83912;30/06/2007;0000;37.4;20.486667;10.616667;73.383333;
83912;31/07/2007;0000;170.1;16.858065;6.712903;77.919355;
83912;31/08/2007;0000;78.2;19.209677;8.703226;78.298387;
83912;30/09/2007;0000;342.9;24.85;14.126667;72.508333;
83912;31/10/2007;0000;224.9;26.016129;15.483871;76.967742;
83912;30/11/2007;0000;126.6;27.466667;13.896667;68.983333;
83912;31/12/2007;0000;73.7;31.274194;17.567742;61.766129;
83912;31/01/2008;0000;99.9;30.096774;18.029032;69.717742;
83912;29/02/2008;0000;59.3;30.158621;17.658621;79.603448;
83912;31/03/2008;0000;53.6;28.564516;17.222581;84.282258;
83912;30/04/2008;0000;121.4;25.816667;13.716667;83.491667;
83912;31/05/2008;0000;86.9;21.96129;10.864516;83.903226;
83912;30/06/2008;0000;197.4;17.69;7.993333;90.858333;
83912;31/07/2008;0000;72.8;22.645161;12.096774;90.427419;
83912;31/08/2008;0000;129.6;21.403226;10.541935;89.935484;
83912;30/09/2008;0000;81.9;20.67;9.443333;82.325;
83912;31/10/2008;0000;383.4;24.080645;14.158065;77.459677;
83912;30/11/2008;0000;123.6;29.383333;15.933333;65.466667;
83912;31/12/2008;0000;100.5;30.709677;17.13871;79.41129;
83912;31/01/2009;0000;126.6;28.758065;17.251613;85.193548;
83912;28/02/2009;0000;126.9;29.939286;18.721429;85.4375;
83912;31/03/2009;0000;44.7;29.790323;17.541935;87.048387;
83912;30/04/2009;0000;10.4;28.416667;14.693333;75.716667;
83912;31/05/2009;0000;139.1;23.596774;12.225806;72.346774;
83912;30/06/2009;0000;46.6;17.543333;7.166667;80.316667;
83912;31/07/2009;0000;136.2;16.490323;6.83871;76.427419;
83912;31/08/2009;0000;293.7;22.022581;10.812903;75.903226;
83912;30/09/2009;0000;361.8;20.76;11.286667;81.8;
83912;31/10/2009;0000;129.8;25.922581;13.651613;70.370968;
83912;30/11/2009;0000;469.8;29.133333;18.753333;78.75;
83912;31/12/2009;0000;211.6;30.129032;18.809677;73.193548;
83912;31/01/2010;0000;262.4;29.548387;19.225806;78.483871;
83912;28/02/2010;0000;147.5;30.875;20.371429;75.321429;
83912;31/03/2010;0000;56.1;29.241935;18.119355;72.887097;
83912;30/04/2010;0000;195.7;25.216667;14.333333;72.966667;
83912;31/05/2010;0000;171.4;19.645161;11.548387;84.475806;
83912;30/06/2010;0000;131.2;20.133333;10.173333;80.883333;
83912;31/07/2010;0000;202.7;19.119355;8.422581;79.814516;
83912;31/08/2010;0000;48.8;19.693548;9.558065;74.298387;
83912;30/09/2010;0000;293.2;21.95;12.1;77.583333;
83912;31/10/2010;0000;98.6;24.454839;12.232258;70.362903;
83912;30/11/2010;0000;80.5;27.966667;14.353333;61.516667;
83912;31/12/2010;0000;165.2;29.419355;17.154839;69.241935;
83912;31/01/2011;0000;111.4;30.967742;19.896774;78.814516;
83912;28/02/2011;0000;470.3;28.303571;19.307143;83.482143;
83912;31/03/2011;0000;286.9;28.090323;16.964516;75.475806;
83912;30/04/2011;0000;215.7;26.276667;14.756667;74.008333;
83912;31/05/2011;0000;101.2;21.048387;11.541935;80.524194;
83912;30/06/2011;0000;181.2;18.116667;8.636667;82.066667;
83912;31/07/2011;0000;210.6;18.309677;9.032258;82.016129;
83912;31/08/2011;0000;217.6;19.83871;9.703226;80.354839;
83912;30/09/2011;0000;44.6;23.1;11.056667;72.758333;
83912;31/10/2011;0000;189.1;26.06129;13.593548;74.322581;
83912;30/11/2011;0000;59.3;29.183333;15.54;65.9;
83912;31/12/2011;0000;53.1;29.790323;16.754839;64.403226;
83912;31/01/2012;0000;52.5;31.774194;18.13871;72.129032;
83912;29/02/2012;0000;80.9;32.637931;20.248276;76.939655;
83912;31/03/2012;0000;56.2;29.387097;16.370968;77.016129;
83912;30/04/2012;0000;66;25.34;14.053333;81.908333;
83912;31/05/2012;0000;21.2;24.258065;12.045161;77.895161;
83912;30/06/2012;0000;54.7;19.883333;9.87;79.575;
83912;31/07/2012;0000;194.4;17.854839;7.793548;78.564516;
83912;31/08/2012;0000;68.9;23.935484;13.445161;74.112903;
83912;30/09/2012;0000;218.4;23.573333;12.16;72.725;
83912;31/10/2012;0000;302.8;25.483871;15.158065;76.274194;
83912;30/11/2012;0000;75.9;29.883333;16.713333;59.341667;
83912;31/12/2012;0000;442.5;29.919355;18.954839;74.387097;
83912;31/01/2013;0000;117.7;29.209677;17.045161;74.758065;
83912;28/02/2013;0000;130.8;28.785714;17.942857;84.473214;
83912;31/03/2013;0000;200.3;25.290323;15.496774;85.741935;
83912;30/04/2013;0000;138.2;26.15;14.116667;85.441667;
83912;31/05/2013;0000;174.2;21.274194;;91.516129;
83912;30/06/2013;0000;72.6;19.083333;9.968;93.816667;
83912;31/07/2013;0000;73.7;19.274194;8.16129;89.653226;
83912;31/08/2013;0000;186.1;18.483871;7.587097;90.75;
83912;30/09/2013;0000;138.6;21.6;11.12;89.3;
83912;31/10/2013;0000;146.8;25.629032;13.283871;87.354839;
83912;30/11/2013;0000;124.2;29.25;16.1;86.108333;
83912;31/12/2013;0000;115.9;31.774194;18.793548;86.040323;
83912;31/01/2014;0000;202;30.629032;19.864516;90.379032;
83912;28/02/2014;0000;120.1;31.053571;19.45;88.848214;
83912;31/03/2014;0000;151.9;27.612903;16.541935;90.193548;
83912;30/04/2014;0000;167.9;25.616667;15.14;91.258333;
83912;31/05/2014;0000;255.8;20.796774;11.690323;94.532258;
83912;30/06/2014;0000;396;18.69;10.666667;95.191667;
83912;31/07/2014;0000;205;20.16129;10.096774;93.25;
83912;31/08/2014;0000;81;22.516129;10.696774;90.322581;
83912;30/09/2014;0000;360.1;22.916667;13.48;93.35;
83912;31/10/2014;0000;277.8;27.693548;15.787097;89.766129;
83912;30/11/2014;0000;88.9;29.366667;17.013333;86.4;
83912;31/12/2014;0000;179.5;29.054839;18.445161;87.758065;
83912;31/01/2015;0000;305;29.429032;19.187097;90.41129;
83912;28/02/2015;0000;152;29.303571;18.871429;87.839286;
83912;31/03/2015;0000;115;29.241935;17.780645;86.387097;
83912;30/04/2015;0000;227.4;26.333333;15.34;87.183333;
83912;31/05/2015;0000;227;22.064516;12.922581;91.951613;
83912;30/06/2015;0000;284.6;20.25;10.98;92.483333;
83912;31/07/2015;0000;272.9;19.041935;10.567742;94.225806;
83912;31/08/2015;0000;94.6;24.854839;14.832258;86.064516;
83912;30/09/2015;0000;169.8;23.783333;12.883333;86.666667;
83912;31/10/2015;0000;217.1;24.845161;14.922581;;
83912;30/11/2015;0000;208.5;26.366667;16.153333;;
83912;31/12/2015;0000;555.1;27.854839;19.109677;;
