--------------------
BDMEP - INMET
--------------------
Estação           : CRUZETA - RN (OMM: 82693)
Latitude  (graus) : -6.43
Longitude (graus) : -36.58
Altitude  (metros): 226.46
Estação Operante
Inicio de operação: 01/01/1930
Periodo solicitado dos dados: 01/01/2000 a 01/01/2016
Os dados listados abaixo são os que encontram-se digitados no BDMEP
Hora em UTC
--------------------
Obs.: Os dados aparecem separados por ; (ponto e vírgula) no formato txt.
      Para o formato planilha XLS, siga as instruções
--------------------
Estacao;Data;Hora;PrecipitacaoTotal;TempMaximaMedia;TempMinimaMedia;UmidadeRelativaMedia;
82693;31/01/2000;0000;89;33.922581;23.087097;62.459677;
82693;29/02/2000;0000;202.2;33.42069;22.865517;67.62069;
82693;31/03/2000;0000;94.9;33.358065;22.925806;65.451613;
82693;30/04/2000;0000;89.1;32.146667;22.503333;72.933333;
82693;31/05/2000;0000;24.8;33.135484;22.148387;62.717742;
82693;30/06/2000;0000;29.7;31.806667;21.793333;64.258333;
82693;31/07/2000;0000;52;31;21.583871;66.041667;
82693;31/08/2000;0000;65.2;31.648387;21.058065;60.66129;
82693;30/09/2000;0000;24;33.036667;21.99;59.808333;
82693;31/10/2000;0000;0.5;34.906452;22.6;51.693548;
82693;30/11/2000;0000;1.3;35.51;23.106667;49.933333;
82693;31/12/2000;0000;15.1;35.07;23.374194;54.362903;
82693;31/01/2001;0000;2.2;35.396774;23.154839;49.741935;
82693;28/02/2001;0000;28.6;36.428571;23.942857;49.098214;
82693;31/03/2001;0000;174.3;34.370968;23.345161;60.75;
82693;30/04/2001;0000;65.6;32.123333;22.91;67.033333;
82693;31/05/2001;0000;24.7;35.04;22.793333;54.134615;
82693;30/06/2001;0000;25.5;31.873333;21.933333;62.091667;
82693;31/07/2001;0000;7.8;31.819355;21.341935;57.951613;
82693;31/08/2001;0000;4.9;32.429032;20.887097;52.387097;
82693;30/09/2001;0000;0;34.623333;22.59;49.841667;
82693;31/10/2001;0000;1.8;35.432258;23.309677;49.709677;
82693;30/11/2001;0000;0;36.083333;24.03;48.808333;
82693;31/12/2001;0000;0.7;35.622581;24.503226;52.193548;
82693;31/01/2002;0000;207.8;32.53871;23.054839;70.298387;
82693;28/02/2002;0000;133.8;33.257143;22.257143;64.633929;
82693;31/03/2002;0000;187.6;32.419355;22.570968;72.145161;
82693;30/04/2002;0000;127.9;32.483333;22.84;69.466667;
82693;31/05/2002;0000;131;32.412903;22.332258;67.556452;
82693;30/06/2002;0000;28;30.99;21.15;66.775;
82693;31/07/2002;0000;4.2;32.719355;21.36129;57.298387;
82693;31/08/2002;0000;0.2;33.322581;21.4;52.032258;
82693;30/09/2002;0000;0;35.026667;21.91;48.691667;
82693;31/10/2002;0000;0;35.383871;22.896774;49.524194;
82693;30/11/2002;0000;1;35.83;23.316667;49.958333;
82693;31/12/2002;0000;38.4;35.912903;23.729032;52.983871;
82693;31/01/2003;0000;68.5;35.683871;23.474194;55.951613;
82693;28/02/2003;0000;44.3;34.364286;23.710714;60;
82693;31/03/2003;0000;109.8;33.787097;23.490323;66.379032;
82693;30/04/2003;0000;114.9;33.323333;22.813333;66.353448;
82693;31/05/2003;0000;101.7;32.996774;22.470968;63.41129;
82693;30/06/2003;0000;65;32.193333;21.79;60.041667;
82693;31/07/2003;0000;8.4;32.125806;20.896774;57.403226;
82693;31/08/2003;0000;15.8;33.541935;21.535484;52.185484;
82693;30/09/2003;0000;0;34.503333;22.303333;49.706897;
82693;31/10/2003;0000;0;35.719355;23.174194;47.145161;
82693;30/11/2003;0000;0;36.33;23.84;47.85;
82693;31/12/2003;0000;5.1;36.348387;24.377419;50.532258;
82693;31/01/2004;0000;409.2;32.858065;23.609677;75.433333;
82693;29/02/2004;0000;243.9;31.403448;22.641379;79.172414;
82693;31/03/2004;0000;98.3;32.664516;22.551613;66.185484;
82693;30/04/2004;0000;51.7;34.003333;23.183333;63.05;
82693;31/05/2004;0000;81.1;31.703226;21.825806;68.370968;
82693;30/06/2004;0000;81.5;30.356667;21.52;69.858333;
82693;31/07/2004;0000;20.4;31.409677;20.790323;62.387097;
82693;31/08/2004;0000;1.5;33.216129;21.093548;53.959677;
82693;30/09/2004;0000;4.1;34.143333;22.243333;49.65;
82693;31/10/2004;0000;0;35.416129;22.977419;49.169355;
82693;30/11/2004;0000;0.5;35.806667;23.4;48.566667;
82693;31/12/2004;0000;26;35.954839;23.664516;49.790323;
82693;31/01/2005;0000;73.4;35.348387;23.764516;54.064516;
82693;28/02/2005;0000;60.4;35.153571;23.796429;58.464286;
82693;31/03/2005;0000;187.5;35.664516;24.025806;60.379032;
82693;30/04/2005;0000;52.4;33.456667;23.373333;64.175;
82693;31/05/2005;0000;42.3;32.729032;23.032258;70.387097;
82693;30/06/2005;0000;34.2;30.89;21.933333;71.966667;
82693;31/07/2005;0000;1.5;31.906452;21.377419;55.758065;
82693;31/08/2005;0000;1.3;32.532258;21.403226;55.959677;
82693;30/09/2005;0000;0;34.023333;21.806667;50.3;
82693;31/10/2005;0000;0;35.725806;23.145161;47.185484;
82693;30/11/2005;0000;0;35.923333;23.693333;47.425;
82693;31/12/2005;0000;32.6;35.206452;23.63871;57.967742;
82693;31/01/2006;0000;0.5;36.106452;23.951613;54.066667;
82693;28/02/2006;0000;105.4;35.214286;24.096429;66.178571;
82693;31/03/2006;0000;92.2;33.170968;23.432258;68.096774;
82693;30/04/2006;0000;264.1;31.596667;23.066667;81.183333;
82693;31/05/2006;0000;114.1;30.974194;22.329032;75.491935;
82693;30/06/2006;0000;130.4;29.806667;21.2;70.808333;
82693;31/07/2006;0000;9.7;31.809677;20.709677;59.169355;
82693;31/08/2006;0000;10.2;32.874194;21.13871;53.435484;
82693;30/09/2006;0000;0;34.88;21.956667;48.491667;
82693;31/10/2006;0000;0;36.012903;23.264516;48.145161;
82693;30/11/2006;0000;9.5;36.06;23.58;49.258333;
82693;31/12/2006;0000;2.5;36.119355;24.170968;49.927419;
82693;31/01/2007;0000;4.3;36.222581;24.354839;57.258065;
82693;28/02/2007;0000;118;34.503571;23.960714;68.357143;
82693;31/03/2007;0000;106.8;33.1;22.841935;63.056452;
82693;30/04/2007;0000;190.9;33.846667;23.296667;63.666667;
82693;31/05/2007;0000;66.5;32.619355;22.116129;64.008065;
82693;30/06/2007;0000;16.6;31.403333;21.67;62.658333;
82693;31/07/2007;0000;4.3;32.5;21.374194;56.66129;
82693;31/08/2007;0000;4.4;32.335484;21.441935;54.870968;
82693;30/09/2007;0000;3.6;33.336667;21.613333;52.15;
82693;31/10/2007;0000;0;35.13871;22.66129;49.056452;
82693;30/11/2007;0000;0;35.696667;23.273333;47.825;
82693;31/12/2007;0000;2.1;35.364516;23.883871;49.572581;
82693;31/01/2008;0000;42.2;35.33871;24.148387;62.516129;
82693;29/02/2008;0000;47.5;35.893103;23.77931;59.724138;
82693;31/03/2008;0000;375.9;32.403226;23.009677;74.362903;
82693;30/04/2008;0000;122.9;30.483333;22.59;79.083333;
82693;31/05/2008;0000;66.6;30.603226;21.858065;76.298387;
82693;30/06/2008;0000;61;30.09;20.923333;68.175;
82693;31/07/2008;0000;23.5;30.632258;20.393548;62.225806;
82693;31/08/2008;0000;16.9;32.129032;21.183871;58.298387;
82693;30/09/2008;0000;12.3;33.84;21.673333;53.425;
82693;31/10/2008;0000;0;35.412903;22.767742;49.927419;
82693;30/11/2008;0000;3.9;36.143333;23.1;49.025;
82693;31/12/2008;0000;23.2;36.174194;23.474194;50.145161;
82693;31/01/2009;0000;32.2;35.580645;23.722581;59.709677;
82693;28/02/2009;0000;152.6;33.253571;22.935714;73.178571;
82693;31/03/2009;0000;158.9;32.464516;22.8;74.854839;
82693;30/04/2009;0000;349.7;31.58;22.92;82.508333;
82693;31/05/2009;0000;201.7;30.222581;22.790323;82.782258;
82693;30/06/2009;0000;43;29.77;21.076667;77.833333;
82693;31/07/2009;0000;37.5;30.964516;20.580645;68.774194;
82693;31/08/2009;0000;56.7;32.619355;20.303226;59.580645;
82693;30/09/2009;0000;0;34.37;21.5;54.1;
82693;31/10/2009;0000;0;36.012903;22.387097;50.895161;
82693;30/11/2009;0000;4.5;35.79;22.996667;49.266667;
82693;31/12/2009;0000;16.8;35.777419;23.645161;53.177419;
82693;31/01/2010;0000;199.9;33.7;22.896774;70.806452;
82693;28/02/2010;0000;44.5;35.042857;23.607143;65.714286;
82693;31/03/2010;0000;128.9;36.154839;23.53871;62.370968;
82693;30/04/2010;0000;82.7;33.66;23.573333;68.4;
82693;31/05/2010;0000;25.3;34.658065;22.993548;63.427419;
82693;30/06/2010;0000;118.1;31.443333;21.723333;68.958333;
82693;31/07/2010;0000;7.8;31.793548;21.070968;58.064516;
82693;31/08/2010;0000;0.1;32.732258;20.851613;52.790323;
82693;30/09/2010;0000;1.9;34.286207;21.396667;48.783333;
82693;31/10/2010;0000;91.8;35.587097;22.906452;51.596774;
82693;30/11/2010;0000;0.1;35.956667;22.863333;49.37931;
82693;31/12/2010;0000;39.5;34.703226;22.848387;55.895161;
82693;31/01/2011;0000;116.1;33.248387;22.809677;71.806452;
82693;28/02/2011;0000;106.8;33.160714;22.7;73.178571;
82693;31/03/2011;0000;121.7;32.796774;22.309677;72.725806;
82693;30/04/2011;0000;242.7;32.246667;22.35;76.116667;
82693;31/05/2011;0000;214.1;30.058065;22.170968;80.096774;
82693;30/06/2011;0000;29.6;30.913333;21.22;68.783333;
82693;31/07/2011;0000;74;29.964516;20.703226;69.637097;
82693;31/08/2011;0000;4.7;32.164516;20.16129;62.645161;
82693;30/09/2011;0000;0;33.743333;21.143333;53.941667;
82693;31/10/2011;0000;2.2;35.370968;23.025806;51.419355;
82693;30/11/2011;0000;7.2;35.643333;23.15;51.333333;
82693;31/12/2011;0000;3.2;36.019355;23.190323;48.991935;
82693;31/01/2012;0000;16.6;35.132258;23.458065;60.967742;
82693;29/02/2012;0000;103.1;34.344828;22.968966;65.172414;
82693;31/03/2012;0000;44.9;35.13871;22.812903;56.048387;
82693;30/04/2012;0000;3.8;36.093333;23.463333;52.058333;
82693;31/05/2012;0000;8.9;34.9;23.012903;53.403226;
82693;30/06/2012;0000;17.6;33.023333;22.176667;57.741667;
82693;31/07/2012;0000;0.9;32.041935;21.464516;56.435484;
82693;31/08/2012;0000;0;33.412903;20.948387;49.733871;
82693;30/09/2012;0000;0;34.563333;21.343333;47.833333;
82693;31/10/2012;0000;0;35.403226;22.583871;48.685484;
82693;30/11/2012;0000;0;36.35;23.316667;48.225;
82693;31/12/2012;0000;0;36.177419;23.922581;49.741935;
82693;31/01/2013;0000;24.4;36.280645;24.441935;57.433333;
82693;28/02/2013;0000;32.8;36.335714;24.082143;57.535714;
82693;31/03/2013;0000;67;36.296774;24.43871;54.983871;
82693;30/04/2013;0000;55;34.996667;24.336667;58.908333;
82693;31/05/2013;0000;22.7;34.167742;23.041935;57.604839;
82693;30/06/2013;0000;54.4;32.48;22.54;61.925;
82693;31/07/2013;0000;27.2;32.216129;21.687097;59.467742;
82693;31/08/2013;0000;28.6;33.25;21.996667;54.879032;
82693;30/09/2013;0000;3.1;34.23;22.18;53.016667;
82693;31/10/2013;0000;2.9;35.496774;23.332258;49.83871;
82693;30/11/2013;0000;13.4;35.17;23.613333;52.266667;
82693;31/12/2013;0000;55.4;35.064516;23.812903;56.459677;
82693;31/01/2014;0000;30;35.019355;23.512903;57.935484;
82693;28/02/2014;0000;28.3;34.55;23.428571;66.714286;
82693;31/03/2014;0000;193.1;34.258065;23.412903;64.314516;
82693;30/04/2014;0000;245.7;32.89;23.106667;72.783333;
82693;31/05/2014;0000;103.8;32.748387;22.380645;71.096774;
82693;30/06/2014;0000;12;32.163333;22.026667;66.071429;
82693;31/07/2014;0000;3.1;32.370968;21.345161;62.0625;
82693;31/08/2014;0000;0;33.358065;21.241935;58.806452;
82693;30/09/2014;0000;1.3;34.01;22.366667;54.35;
82693;31/10/2014;0000;0.2;34.648387;23.277419;52.032258;
82693;30/11/2014;0000;6.7;35.41;23.09;51.841667;
82693;31/12/2014;0000;32.8;35.345161;23.448387;51.83871;
82693;31/01/2015;0000;6.2;35.870968;23.583871;57.066667;
82693;28/02/2015;0000;48.1;35.407143;23.582143;62.964286;
82693;31/03/2015;0000;83;34.293548;23.43871;63.717742;
82693;30/04/2015;0000;150.5;34.213333;22.966667;64.858333;
82693;31/05/2015;0000;25.7;35.164516;23.193548;56.66129;
82693;30/06/2015;0000;7.3;33.196667;22.03;58.166667;
82693;31/07/2015;0000;22.4;32.216129;22.154839;61.887097;
82693;31/08/2015;0000;0.1;33.748387;21.464516;53.475806;
82693;30/09/2015;0000;0;35.136667;22.55;51.15;
82693;31/10/2015;0000;0;35.977419;23.019355;49.008065;
82693;30/11/2015;0000;0;36.76;23.43;48.158333;
82693;31/12/2015;0000;5.4;36.209677;23.993333;51.080645;
