--------------------
BDMEP - INMET
--------------------
Estação           : ESPERANTINA - PI (OMM: 82298)
Latitude  (graus) : -3.9
Longitude (graus) : -42.25
Altitude  (metros): 87.05
Estação Operante
Inicio de operação: 17/03/1974
Periodo solicitado dos dados: 01/01/2000 a 01/01/2016
Os dados listados abaixo são os que encontram-se digitados no BDMEP
Hora em UTC
--------------------
Obs.: Os dados aparecem separados por ; (ponto e vírgula) no formato txt.
      Para o formato planilha XLS, siga as instruções
--------------------
Estacao;Data;Hora;PrecipitacaoTotal;TempMaximaMedia;TempMinimaMedia;UmidadeRelativaMedia;
82298;31/01/2000;0000;89.8;32.545161;21.790323;81.725806;
82298;29/02/2000;0000;310;32.072414;21.913793;84.163793;
82298;31/03/2000;0000;222.3;31.622581;22.093548;;
82298;30/04/2000;0000;525;30.9;21.926667;87.691667;
82298;31/05/2000;0000;99.2;31.880645;21.983871;84.879032;
82298;30/06/2000;0000;82.7;32.176667;21.366667;;
82298;31/07/2000;0000;191;31.716129;21.664516;;
82298;31/08/2000;0000;42.7;33.664516;20.880645;;
82298;30/09/2000;0000;34.3;35.516667;21.776667;;
82298;31/03/2001;0000;308.8;31.677419;21.912903;;
82298;30/04/2001;0000;466.5;30.85;21.916667;;
82298;30/09/2001;0000;0;;;;
82298;31/10/2001;0000;1.2;36.903226;21.774194;69.483333;
82298;30/11/2001;0000;0;;;;
82298;31/12/2001;0000;0;;;;
82298;31/01/2002;0000;0;;;;
82298;28/02/2002;0000;0;;;;
82298;31/03/2002;0000;0;;;;
82298;30/04/2002;0000;0;;;;
82298;31/05/2002;0000;0;;;;
82298;30/06/2002;0000;0;;;;
82298;31/07/2002;0000;4.5;33.196774;20.864516;80.805556;
82298;31/08/2002;0000;0;;;;
82298;30/09/2002;0000;0;;;;
82298;30/11/2002;0000;23.1;37.563333;21.593333;66.041667;
82298;31/01/2003;0000;106.5;34.619355;22.216129;76.669355;
82298;28/02/2003;0000;274.1;31.582143;21.585714;85.294643;
82298;31/03/2003;0000;458;31.232258;21.716129;86.508065;
82298;30/04/2003;0000;277.6;31.523333;22.003333;;
82298;31/05/2003;0000;165.5;31.612903;21.796774;83.137097;
82298;30/06/2003;0000;157.8;31.643333;21.276667;;
82298;31/07/2003;0000;9.6;32.745161;20.674194;80.66129;
82298;31/08/2003;0000;39.7;34.806452;20.529032;;
82298;30/09/2003;0000;4.6;36.6;20.973333;63.741667;
82298;31/10/2003;0000;0;37.609677;21.590323;59.983871;
82298;30/11/2003;0000;62.4;36.926667;22.02;62.683333;
82298;31/12/2003;0000;125.4;36.370968;22.276667;65.583333;
82298;31/01/2004;0000;443.4;32.129032;21.519355;78.616667;
82298;29/02/2004;0000;253.2;31.510345;21.796552;81.612069;
82298;31/03/2004;0000;231.4;32.087097;22.283871;79.298387;
82298;30/04/2004;0000;267.4;31.727586;21.81;81.45;
82298;31/05/2004;0000;148.9;32.229032;21.948387;79.306452;
82298;30/06/2004;0000;138.8;31.2;21.073333;80.583333;
82298;31/07/2004;0000;24.2;32.266667;21.106452;74.573529;
82298;31/08/2004;0000;9;34.593548;20.925806;69.725;
82298;30/09/2004;0000;34.1;36.493333;21.446667;63.1;
82298;31/10/2004;0000;9;37.1;21.564516;60.790323;
82298;30/11/2004;0000;4;37.773333;22.12;59.916667;
82298;31/12/2004;0000;12.8;37.090323;22.380645;60.41129;
82298;31/01/2005;0000;178.4;35.141935;22.122581;68.55;
82298;28/02/2005;0000;234.1;33.355556;22.571429;;
82298;31/03/2005;0000;370.1;32.351613;22.112903;79.241935;
82298;30/04/2005;0000;335.5;32.196667;22.276667;81.321429;
82298;31/05/2005;0000;122.6;32.096774;22.267742;80.846774;
82298;30/06/2005;0000;7.3;32.563333;21.673333;;
82298;31/07/2005;0000;57.7;33.532258;21.167742;72.298387;
82298;31/08/2005;0000;0;35.945161;21.022581;65.975;
82298;30/09/2005;0000;0;37.77;21.126667;;
82298;31/10/2005;0000;4.4;38.606452;21.896774;59.653226;
82298;30/11/2005;0000;21;38.193103;22.433333;59.198276;
82298;31/12/2005;0000;139.6;35.367742;22.196774;68.758065;
82298;31/01/2006;0000;164.9;33.467742;22.151613;76.508065;
82298;28/02/2006;0000;192.3;31.860714;22.014286;80.044643;
82298;31/03/2006;0000;186.8;31.777419;22.167742;80.741935;
82298;30/04/2006;0000;215.2;31.186667;22.196667;84.913793;
82298;31/05/2006;0000;210.3;31.6;22.074194;81.895161;
82298;30/06/2006;0000;32.7;31.416667;21.143333;;
82298;31/07/2006;0000;36.7;33.467742;21.46129;79.120968;
82298;31/08/2006;0000;11;34.977419;21.129032;69.16129;
82298;30/09/2006;0000;7.6;36.773333;21.77;68.408333;
82298;31/10/2006;0000;0;37.896774;21.987097;65.057692;
82298;30/11/2006;0000;33.5;37.833333;22.16;62.808333;
82298;31/12/2006;0000;65.8;36.516129;22.06129;67.298387;
82298;31/01/2007;0000;112;35.532258;22.467742;70.790323;
82298;28/02/2007;0000;323.7;31.371429;21.503571;84.008929;
82298;31/03/2007;0000;285;31.883871;21.841935;81.129032;
82298;30/04/2007;0000;300.4;31.473333;21.813333;83.233333;
82298;31/05/2007;0000;161.4;32.087097;22.13871;79.814516;
82298;30/06/2007;0000;19.7;32.21;21.093333;79.15;
82298;31/07/2007;0000;2.4;33.951613;21.425806;78.669355;
82298;31/08/2007;0000;0;35.693548;20.354839;66.483871;
82298;30/09/2007;0000;0;37.42;20.983333;64.827586;
82298;31/10/2007;0000;13.7;38.364516;21.509677;64.354839;
82298;30/11/2007;0000;32.2;38.006667;22.106667;62.375;
82298;31/12/2007;0000;69.2;35.445161;22.051613;66.058333;
82298;31/01/2008;0000;260.5;32.622581;21.793548;77.387097;
82298;29/02/2008;0000;287.7;32.32069;21.493103;78.25;
82298;31/03/2008;0000;526.2;30.348387;21.43871;85.524194;
82298;30/04/2008;0000;284.6;30.98;21.703333;82.608333;
82298;31/05/2008;0000;150.2;31.532258;22.116129;80.986842;
82298;30/06/2008;0000;45;31.5;21.6;;
82298;31/07/2008;0000;14.1;33.583871;21.193548;78.5;
82298;31/08/2008;0000;11.9;35.035484;20.983871;74.169355;
82298;30/09/2008;0000;12.2;36.706667;21.05;68.158333;
82298;31/10/2008;0000;3;38.103226;21.570968;64.991667;
82298;30/11/2008;0000;6.5;38.13;21.976667;63.655172;
82298;31/12/2008;0000;40.6;36.874194;22.66129;67.758333;
82298;31/01/2009;0000;53.2;34.248387;22.212903;75.016667;
82298;28/02/2009;0000;373.6;31.882143;21.514286;81.651786;
82298;31/03/2009;0000;285.5;31.645161;21.993548;82.741935;
82298;30/04/2009;0000;310;30.746667;21.823333;84.675;
82298;31/05/2009;0000;632.5;30.803226;21.651613;85.346774;
82298;30/06/2009;0000;133.8;31.586667;21.603333;81.85;
82298;31/07/2009;0000;38.7;32.293548;21.506452;81.525862;
82298;31/08/2009;0000;0.9;34.512903;20.987097;72.709677;
82298;30/09/2009;0000;17.5;36.58;21.23;67.925;
82298;31/10/2009;0000;4.9;37.032258;21.8;69;
82298;30/11/2009;0000;82.4;36.86;21.873333;68.383333;
82298;31/12/2009;0000;30.7;35.674194;22.503226;71.290323;
82298;31/01/2010;0000;177.4;33.596774;22.058065;78.258065;
82298;28/02/2010;0000;144;32.775;22.35;76.723214;
82298;31/03/2010;0000;230;34.041935;22.416129;77.596774;
82298;30/04/2010;0000;287.7;33.056667;22.553333;81.825;
82298;31/05/2010;0000;78.2;33.287097;22.587097;80.709677;
82298;30/06/2010;0000;82.5;32.8;21.933333;77.87069;
82298;31/07/2010;0000;14.5;34.622581;21.583871;78.459677;
82298;31/08/2010;0000;0.6;36.425806;21.041935;71.524194;
82298;30/09/2010;0000;7.5;38.13;20.89;67.041667;
82298;31/10/2010;0000;122.9;37.790323;21.919355;68.808333;
82298;30/11/2010;0000;91.9;36.153333;22;70.35;
82298;31/12/2010;0000;173.2;34.193548;22.190323;72.758065;
82298;31/01/2011;0000;390.3;31.76129;21.46129;82.209677;
82298;28/02/2011;0000;280.7;31.55;21.692857;83.455357;
82298;31/03/2011;0000;229.6;31.803226;21.906452;84.116667;
82298;30/04/2011;0000;418.3;31.483333;21.713333;86.475;
82298;31/05/2011;0000;303.1;31.680645;21.967742;84.659091;
82298;30/06/2011;0000;98.6;32.083333;21.596667;83.990385;
82298;31/07/2011;0000;58.4;32.396774;21.358065;83.322581;
82298;31/08/2011;0000;7.5;34.46129;20.683871;77.146552;
82298;30/09/2011;0000;5.8;36.56;20.75;70.208333;
82298;31/10/2011;0000;108.6;36.6;21.625806;71.775862;
82298;30/11/2011;0000;13.7;35.473333;22.233333;72.964286;
82298;31/12/2011;0000;6.8;36.864516;21.703226;69.482759;
82298;31/01/2012;0000;229;34.73871;21.593548;;
82298;29/02/2012;0000;154.9;32.751724;21.424138;;
82298;31/03/2012;0000;253.9;32.193548;21.519355;85.141667;
82298;30/04/2012;0000;295.8;32.78;21.83;83.666667;
82298;31/05/2012;0000;93.3;32.929032;21.732258;79.766129;
82298;30/06/2012;0000;46.4;33.366667;21.443333;78.603448;
82298;31/07/2012;0000;8.8;35.032258;20.825806;70.274194;
82298;31/08/2012;0000;2.2;36.93871;20.096774;69.691667;
82298;30/09/2012;0000;0;37.906667;20.313333;67.816667;
82298;31/10/2012;0000;3.8;38.574194;21.325806;;
82298;30/11/2012;0000;4;38.086667;22.313333;67.401786;
82298;31/12/2012;0000;27.4;37.477419;22.567742;;
82298;31/01/2013;0000;97.3;35.103226;22.5;75.5;
82298;28/02/2013;0000;211.1;34.817857;22.092857;78.866071;
82298;31/03/2013;0000;205.1;34.180645;22.580645;80.653226;
82298;30/04/2013;0000;285.3;32.753333;22.286667;83.6;
82298;31/05/2013;0000;122.6;32.683871;21.896774;82.459677;
82298;30/06/2013;0000;42.8;32.833333;21.433333;80.45;
82298;31/07/2013;0000;63.4;33.335484;21.254839;77.419355;
82298;31/08/2013;0000;20.9;36.216129;21.206452;70.91129;
82298;30/09/2013;0000;43.5;37.79;20.75;66.366667;
82298;31/10/2013;0000;17.6;38.43871;21.167742;63.927419;
82298;30/11/2013;0000;37;36.866667;21.603333;67.116667;
82298;31/12/2013;0000;1.3;37.129032;21.729032;64.191667;
82298;31/01/2014;0000;146.4;34.8;21.748387;75.169355;
82298;28/02/2014;0000;341.6;32.585714;21.564286;81.321429;
82298;31/03/2014;0000;129.2;32.474194;21.829032;82.137097;
82298;30/04/2014;0000;271;32.193333;21.676667;83.283333;
82298;31/05/2014;0000;251;32.019355;21.541935;84.12931;
82298;30/06/2014;0000;172.3;32.57;21.3;81.491667;
82298;31/07/2014;0000;15.4;33.345161;20.232258;75.798387;
82298;31/08/2014;0000;4.5;35.622581;19.803226;70.177419;
82298;30/09/2014;0000;3.2;37.466667;20.553333;64.577586;
82298;31/10/2014;0000;28.2;38.525806;21.035484;62.177419;
82298;30/11/2014;0000;53.2;37.233333;21.216667;65.991379;
82298;31/12/2014;0000;1.9;37.235484;21.454839;63.427419;
82298;31/01/2015;0000;43;36.690323;21.412903;66.056452;
82298;28/02/2015;0000;204.6;34.142857;21.321429;75.883929;
82298;31/03/2015;0000;152.6;32.970968;21.477419;80.402174;
82298;30/04/2015;0000;133.8;32.793333;21.383333;82.551724;
82298;31/05/2015;0000;103;33.025806;21.335484;80.283333;
82298;30/06/2015;0000;96.4;32.883333;20.333333;78.55;
82298;31/07/2015;0000;6.7;34.670968;19.919355;70.709677;
82298;31/08/2015;0000;0;37.203226;19.656667;;
82298;30/09/2015;0000;0.8;38.413793;20.52;;
82298;31/10/2015;0000;0;39.07;20.966667;;
82298;30/11/2015;0000;0;39.376667;21.243333;;
82298;31/12/2015;0000;6.4;38.725;21.432258;;
