--------------------
BDMEP - INMET
--------------------
Estação           : FEIRA DE SANTANA - BA (OMM: 83221)
Latitude  (graus) : -12.18
Longitude (graus) : -38.96
Altitude  (metros): 230.68
Estação Operante
Inicio de operação: 01/01/1939
Periodo solicitado dos dados: 01/01/2000 a 01/01/2016
Os dados listados abaixo são os que encontram-se digitados no BDMEP
Hora em UTC
--------------------
Obs.: Os dados aparecem separados por ; (ponto e vírgula) no formato txt.
      Para o formato planilha XLS, siga as instruções
--------------------
Estacao;Data;Hora;PrecipitacaoTotal;TempMaximaMedia;TempMinimaMedia;UmidadeRelativaMedia;
83221;31/01/2000;0000;31;30.954839;21.493548;75.443548;
83221;29/02/2000;0000;54.1;31.8;21.893103;75.198276;
83221;31/03/2000;0000;8.5;31.574194;21.458065;76.306452;
83221;30/04/2000;0000;139.7;29.253333;21.42;84.87037;
83221;31/05/2000;0000;101;27.86129;20.577419;86.508065;
83221;30/06/2000;0000;96.6;26.32;19.656667;86.698276;
83221;31/07/2000;0000;37.3;26.2;18.8;86.155172;
83221;31/08/2000;0000;66.4;26.316129;19.119355;86.508065;
83221;30/09/2000;0000;71.4;27.4;19.456667;82.441667;
83221;31/10/2000;0000;8.1;30.135484;19.490323;72.473214;
83221;30/11/2000;0000;130.6;30.75;20.92;77.441667;
83221;31/12/2000;0000;119;30.706452;21.119355;74.275;
83221;31/01/2001;0000;53.4;30.864516;19.777419;74.9;
83221;28/02/2001;0000;2.2;32.925;21.625;70.435185;
83221;31/03/2001;0000;103.4;31.264516;21.890323;77.725806;
83221;30/04/2001;0000;22;30.156667;20.96;79.633333;
83221;31/05/2001;0000;40.9;30.53871;20.841935;79.733871;
83221;30/06/2001;0000;86.3;27.146667;19.65;84.608333;
83221;31/07/2001;0000;54.1;26.23871;18.845161;83.5;
83221;31/08/2001;0000;70.3;26;17.822581;83.540323;
83221;30/09/2001;0000;64.7;27.78;18.533333;81.103448;
83221;31/10/2001;0000;72.2;29.809677;19.987097;77.183333;
83221;30/11/2001;0000;1.7;32.296667;20.53;68.116667;
83221;31/12/2001;0000;48.1;32.529032;22.022581;74;
83221;31/01/2002;0000;204.7;30.122581;21.3;82.491935;
83221;28/02/2002;0000;45.9;31.660714;20.910714;75.826923;
83221;31/03/2002;0000;16.8;32.409677;21.466667;75.516129;
83221;30/04/2002;0000;12.9;31.333333;20.783333;79.833333;
83221;31/05/2002;0000;100.7;28.741935;20.119355;84.201613;
83221;30/06/2002;0000;77.3;26.696552;19.965517;89.466667;
83221;31/07/2002;0000;64.8;26.523333;19.496667;90.048387;
83221;31/08/2002;0000;30.3;27.173333;18.576667;84.616667;
83221;30/09/2002;0000;54.4;28.696667;19.783333;81.075;
83221;31/10/2002;0000;6.8;30.91;19.693333;70.58871;
83221;30/11/2002;0000;8.7;32.236667;21.236667;70.641667;
83221;31/12/2002;0000;21.1;33.480645;22.454839;69.83871;
83221;31/01/2003;0000;0;;;;
83221;31/05/2003;0000;21;;;;
83221;30/06/2003;0000;57.3;26.546429;19.727586;89.341667;
83221;31/07/2003;0000;129.4;25.81;18.489655;87.540323;
83221;31/08/2003;0000;79.9;26.606667;19.1;86.675;
83221;30/09/2003;0000;62.9;28.177778;18.888;81.475;
83221;31/10/2003;0000;24.7;29.576667;19.333333;75.83871;
83221;30/11/2003;0000;87.4;30.306897;20.648276;78.325;
83221;31/12/2003;0000;3.9;33.45;21.163333;67.540323;
83221;31/01/2004;0000;277.7;31.386207;21.789655;78.508065;
83221;29/02/2004;0000;95.1;31.65;21.35;75.698276;
83221;31/03/2004;0000;19.3;31.655172;21.462069;77.333333;
83221;30/04/2004;0000;70.3;30.960714;21;78.7;
83221;31/05/2004;0000;46.2;28.677778;19.976923;84.691667;
83221;30/06/2004;0000;87.5;27.046429;19.096429;86.975;
83221;31/07/2004;0000;30.6;26.32963;18.074074;84.129032;
83221;31/08/2004;0000;37.7;27;17.821429;84.008065;
83221;30/09/2004;0000;6.8;29.026923;17.773077;76.608333;
83221;31/10/2004;0000;5.9;31.55;19.767857;73.666667;
83221;30/11/2004;0000;93.9;32.18;21.3;71.833333;
83221;31/12/2004;0000;2.6;33.412903;21.309677;68.25;
83221;31/01/2005;0000;54.6;33.376667;22.486207;70.225806;
83221;28/02/2005;0000;129.5;31.635714;22.339286;78.223214;
83221;31/03/2005;0000;50.2;32.854839;22.377419;76.298387;
83221;30/04/2005;0000;40.3;29.827586;21.686207;84.775;
83221;31/05/2005;0000;76.7;28.803571;20.914286;86.362903;
83221;30/06/2005;0000;129.4;26.437931;19.585714;89.891667;
83221;31/07/2005;0000;78.9;25.541935;18.341935;87.701613;
83221;31/08/2005;0000;54.5;26.954839;17.829032;84.927419;
83221;30/09/2005;0000;8.6;30.08;18.71;77.775;
83221;31/10/2005;0000;1.6;32.319355;19.46129;72.491935;
83221;30/11/2005;0000;142.5;32.381481;20.688462;71.933333;
83221;31/12/2005;0000;16.5;31.925806;21.109677;74.145161;
83221;31/01/2006;0000;1.9;33.235484;20.693333;67.766129;
83221;28/02/2006;0000;1.2;35.134615;22.488462;65.258929;
83221;31/03/2006;0000;18.4;34.273333;22.976667;68.5;
83221;30/04/2006;0000;83.2;30.233333;22.456667;81.3;
83221;31/05/2006;0000;79.3;27.193548;20.258065;84.814516;
83221;30/06/2006;0000;190.8;25.664286;19.078571;87.341667;
83221;31/07/2006;0000;53.1;25.73871;18.131034;86.983871;
83221;31/08/2006;0000;42.7;27.222581;17.851613;82.451613;
83221;30/09/2006;0000;69.7;28.193103;18.913793;80.483333;
83221;31/10/2006;0000;64.5;28.958065;20.844828;79.83871;
83221;30/11/2006;0000;73.4;30.717857;20.45;77.366667;
83221;31/12/2006;0000;37.9;32.806452;21.051613;70.669355;
83221;31/01/2007;0000;5.1;34.809677;21.783871;70.564516;
83221;28/02/2007;0000;267.2;31.818519;21.955556;80.714286;
83221;31/03/2007;0000;60.6;30.183333;20.831034;87.91129;
83221;30/04/2007;0000;38.7;30.251724;20.351724;89.641667;
83221;31/05/2007;0000;121.7;28.277419;19.629032;90.967742;
83221;30/06/2007;0000;93.1;26.42;18.16;94.058333;
83221;31/07/2007;0000;59.6;27.009677;17.46129;90.717742;
83221;31/08/2007;0000;38.2;26.677419;16.951613;91.959677;
83221;30/09/2007;0000;38.4;27.823333;17.346667;89.433333;
83221;31/10/2007;0000;14.6;30.454839;18.719355;85.943548;
83221;30/11/2007;0000;9.7;32.863333;20.796667;80.858333;
83221;31/12/2007;0000;19.4;33.190323;20.512903;80.879032;
83221;31/01/2008;0000;1.3;32.993103;21.176667;77.064516;
83221;29/02/2008;0000;152.7;33.455172;21.365517;81.068966;
83221;31/03/2008;0000;68.9;31.819355;21.593548;86.209677;
83221;30/04/2008;0000;68.7;30.93;21.01;87.3;
83221;31/05/2008;0000;38.6;28.219355;19.525806;88.887097;
83221;30/06/2008;0000;101.8;26.816667;18.203448;90.116667;
83221;31/07/2008;0000;83.1;25.643333;16.856667;90.733871;
83221;31/08/2008;0000;57.8;26.922581;17.158065;90.346774;
83221;30/09/2008;0000;24.8;29.164286;17.989286;87.933333;
83221;31/10/2008;0000;27;31.243333;19.383333;85.112903;
83221;30/11/2008;0000;84.1;33.56;19.946667;84.633333;
83221;31/12/2008;0000;82.8;31.387097;20.8;87.91129;
83221;31/01/2009;0000;36.8;32.66129;20.8;84.040323;
83221;28/02/2009;0000;59.2;32.332143;20.825;85.883929;
83221;31/03/2009;0000;3.6;34.03871;21.632258;79.008065;
83221;30/04/2009;0000;58.2;31.403333;22.496667;77.183333;
83221;31/05/2009;0000;163.6;27.53871;21.203226;88.080645;
83221;30/06/2009;0000;83.9;27.453333;20.11;88.375;
83221;31/07/2009;0000;50.6;27.506667;18.78;86.612903;
83221;31/08/2009;0000;39.8;27.451613;18.445161;84.508065;
83221;30/09/2009;0000;6.8;31.273333;19.01;78.375;
83221;31/10/2009;0000;48.4;31.57;21.58;76.33871;
83221;30/11/2009;0000;17.5;33.97;20.87;68.7;
83221;31/12/2009;0000;11.1;34.932258;21.858065;68.709677;
83221;31/01/2010;0000;66.6;33.42;21.816667;73.282258;
83221;28/02/2010;0000;16.2;34.071429;22.675;69.464286;
83221;31/03/2010;0000;86.9;33.46129;23.180645;73.435484;
83221;30/04/2010;0000;169.5;29.866667;22.223333;83.191667;
83221;31/05/2010;0000;49.7;29.616129;20.732258;80.685484;
83221;30/06/2010;0000;82.3;26.893103;19.87931;83.625;
83221;31/07/2010;0000;173.3;25.867742;18.829032;88.451613;
83221;31/08/2010;0000;34.4;26.318519;17.266667;87.524194;
83221;30/09/2010;0000;45.7;27.07931;18.558621;86.35;
83221;31/10/2010;0000;40.1;31.75;20.257692;90.709677;
83221;30/11/2010;0000;4.6;33.373333;21.03;91.641667;
83221;31/12/2010;0000;81.5;33.535484;21.525806;79.580645;
83221;31/01/2011;0000;77.4;32.506452;20.951613;82.008065;
83221;28/02/2011;0000;15.1;34.028571;20.621429;78.232143;
83221;31/03/2011;0000;150;33.945161;21.848387;78.443548;
83221;30/04/2011;0000;117.3;30.863333;20.926667;83.091667;
83221;31/05/2011;0000;35.1;28.074194;19.987097;92.741935;
83221;30/06/2011;0000;65;27.066667;18.066667;93.791667;
83221;31/07/2011;0000;21.5;27.751613;17.703226;92.080645;
83221;31/08/2011;0000;25.4;28.690323;18.448387;88.854839;
83221;30/09/2011;0000;24.5;29.062069;18.47931;84.25;
83221;31/10/2011;0000;96.6;30.683333;18.776667;88.16129;
83221;30/11/2011;0000;107.9;29.463333;18.906667;85.083333;
83221;31/12/2011;0000;51.8;31.543333;19.21;86.191667;
83221;31/01/2012;0000;5.9;33.203333;21.27;78.975806;
83221;29/02/2012;0000;29.4;33.248148;20.807143;82.637931;
83221;31/03/2012;0000;3.3;34.283871;20.409677;81.927419;
83221;30/04/2012;0000;13.1;32.339286;19.034483;79;
83221;31/05/2012;0000;60.1;29.781481;20.440741;79.091667;
83221;30/06/2012;0000;62.3;28.596667;19.09;81.533333;
83221;31/07/2012;0000;27.6;27.683871;18.219355;80.798387;
83221;31/08/2012;0000;56.3;27.241935;17.364516;79.298387;
83221;30/09/2012;0000;20.1;29.834483;18;70.439655;
83221;31/10/2012;0000;15;30.993548;19.467742;69.733871;
83221;30/11/2012;0000;77;32.003333;22.166667;69.141667;
83221;31/12/2012;0000;1.8;33.932258;20.703226;65.551724;
83221;31/01/2013;0000;123.2;33.703226;21.182759;66.959677;
83221;28/02/2013;0000;5.7;33.341667;20.736;67.98;
83221;31/03/2013;0000;1;34.16;21.3375;67.076923;
83221;30/04/2013;0000;76;31.324138;20.683333;77.441667;
83221;31/05/2013;0000;39.5;28.172414;19.966667;84.653226;
83221;30/06/2013;0000;112.3;27.092857;19.164286;86.766667;
83221;31/07/2013;0000;74.2;26.374194;18.087097;87.016129;
83221;31/08/2013;0000;54;26.933333;17.49;83.564516;
83221;30/09/2013;0000;34.6;28.696667;17.893333;82.558333;
83221;31/10/2013;0000;72;30.2;18.976667;77.233871;
83221;30/11/2013;0000;38.8;31.964286;19.625;74.641667;
83221;31/12/2013;0000;66.2;32.577419;21.2;72.733871;
83221;31/01/2014;0000;19.4;33.187097;19.548387;70.096774;
83221;28/02/2014;0000;41.6;31.325;20.25;76.651786;
83221;31/03/2014;0000;24.1;32.058065;20.574194;75.024194;
83221;30/04/2014;0000;19.6;32.751724;20.713333;70.866667;
83221;31/05/2014;0000;98.9;29.19;19.703333;81.383333;
83221;30/06/2014;0000;69.8;27.293333;17.63;81.05;
83221;31/07/2014;0000;122.3;26.690323;17.241935;84.83871;
83221;31/08/2014;0000;57.1;27.22069;16.019355;80.966667;
83221;30/09/2014;0000;26.4;29.416667;18.083333;76.566667;
83221;31/10/2014;0000;54.2;29.809677;19.183871;78.403226;
83221;30/11/2014;0000;27.6;31.148276;20.62069;78.5;
83221;31/12/2014;0000;109.2;31.106452;20.934483;82.572581;
83221;31/01/2015;0000;13;32.835484;20.464516;77.774194;
83221;28/02/2015;0000;40.4;32.815385;21.235714;80.403846;
83221;31/03/2015;0000;18.6;32.76129;20.846667;77.032258;
83221;30/04/2015;0000;33.4;31.34;21.656667;82.783333;
83221;31/05/2015;0000;165.6;27.78;20.454839;89.108333;
83221;30/06/2015;0000;96.5;26.392857;19.482759;90.198276;
83221;31/07/2015;0000;85.9;26.635484;18.003333;88.572581;
83221;31/08/2015;0000;20.5;26.942857;16.821429;86.5625;
83221;30/09/2015;0000;22;29.8;18.16;79.353448;
83221;31/10/2015;0000;11.2;31.506452;19.293548;76.435484;
83221;30/11/2015;0000;4.1;34.596667;21.346667;66.241667;
83221;31/12/2015;0000;1.8;34.829032;21.535484;67.451613;
