--------------------
BDMEP - INMET
--------------------
Estação           : FONTE BOA - AM (OMM: 82212)
Latitude  (graus) : -2.53
Longitude (graus) : -66.16
Altitude  (metros): 55.57
Estação Operante
Inicio de operação: 01/01/1925
Periodo solicitado dos dados: 01/01/2000 a 01/01/2016
Os dados listados abaixo são os que encontram-se digitados no BDMEP
Hora em UTC
--------------------
Obs.: Os dados aparecem separados por ; (ponto e vírgula) no formato txt.
      Para o formato planilha XLS, siga as instruções
--------------------
Estacao;Data;Hora;PrecipitacaoTotal;TempMaximaMedia;TempMinimaMedia;UmidadeRelativaMedia;
82212;31/01/2000;0000;120;30.793548;21.741935;90.258065;
82212;29/02/2000;0000;188.9;31.375862;21.310345;90.62069;
82212;31/03/2000;0000;414.5;31.248387;21.425806;90.193548;
82212;30/04/2000;0000;364.5;30.666667;21.64;90.7;
82212;31/05/2000;0000;213.5;30.967742;21.683871;90.548387;
82212;30/06/2000;0000;204.6;30.86;22.196667;90.325;
82212;31/07/2000;0000;175;30.293548;21.729032;89.322581;
82212;31/08/2000;0000;156.2;32.258065;22.387097;89.870968;
82212;30/09/2000;0000;153.6;32.313333;22.663333;87.862069;
82212;31/10/2000;0000;91.6;32.645161;22.716129;87.104839;
82212;30/11/2000;0000;184.1;32.393333;23.146667;88.533333;
82212;31/12/2000;0000;226.9;31.729032;22.858065;90.056452;
82212;31/01/2001;0000;381.1;31.329032;22.416129;90.25;
82212;28/02/2001;0000;271.2;31.085714;22.557143;89.839286;
82212;31/03/2001;0000;219.8;32.203226;22.883871;90.233871;
82212;30/04/2001;0000;213.9;31.76;23.12;88.25;
82212;31/05/2001;0000;318;30.903226;22.6;91.403226;
82212;30/06/2001;0000;211.9;30.253333;21.533333;91.366667;
82212;31/07/2001;0000;159.4;31.070968;21.987097;90.475806;
82212;31/08/2001;0000;85.3;33.225806;22.458065;90.209677;
82212;30/09/2001;0000;125.1;33.173333;22.83;90.983333;
82212;31/10/2001;0000;156.2;33.709677;23.103226;89.951613;
82212;30/11/2001;0000;84.7;33.513333;23.926667;87.3;
82212;31/12/2001;0000;341.2;31.780645;23.561538;90.258065;
82212;31/01/2002;0000;131;32.316129;;90.822581;
82212;28/02/2002;0000;231.4;31.471429;23.02;91.607143;
82212;31/03/2002;0000;160;31.741935;23.135714;89.782258;
82212;30/04/2002;0000;205.1;31.706667;23.207692;90.433333;
82212;31/05/2002;0000;527.3;31.129032;23.043333;90.129032;
82212;30/06/2002;0000;177.3;31.106667;22.407407;90.258333;
82212;31/07/2002;0000;272.3;31.989474;22.554545;89.854839;
82212;31/08/2002;0000;180.4;;22.446667;87.580645;
82212;30/09/2002;0000;140.1;;22.783333;87.224138;
82212;31/10/2002;0000;209;33.793548;22.926667;85.540323;
82212;30/11/2002;0000;204.1;33.203333;23.086667;86.058333;
82212;31/12/2002;0000;282;32.345161;23.006452;87.145161;
82212;31/01/2003;0000;102.4;34.019355;23.477419;85.064516;
82212;28/02/2003;0000;132.5;32.896429;23.739286;87.169643;
82212;31/03/2003;0000;236.2;32.687097;23.393548;91.370968;
82212;30/04/2003;0000;206.1;32.666667;23.473333;90.166667;
82212;31/05/2003;0000;367.9;31.258065;23.096774;91.016129;
82212;30/06/2003;0000;213.5;31.98;22.76;90.475;
82212;31/07/2003;0000;196;32.087097;22.793548;90.169355;
82212;31/08/2003;0000;109.2;32.993548;22.625806;90.153226;
82212;30/09/2003;0000;91.3;33.19;22.523333;87.233333;
82212;31/10/2003;0000;115;33.225806;23.254839;88.766129;
82212;30/11/2003;0000;71.6;33.536667;23.326667;88.058333;
82212;31/12/2003;0000;95.9;33.774194;23.070968;87.354839;
82212;31/01/2004;0000;228.2;32.319355;22.929032;88.209677;
82212;29/02/2004;0000;240.2;32.351724;23.034483;90.318966;
82212;31/03/2004;0000;319.6;32.358065;23.309677;92.120968;
82212;30/04/2004;0000;176.5;32.05;23.286667;89.758333;
82212;31/05/2004;0000;176.2;31.658065;22.832258;90.596774;
82212;30/06/2004;0000;173.4;31.2;22.08;91.308333;
82212;31/07/2004;0000;205.5;31.877419;22.103226;89.225806;
82212;31/08/2004;0000;105;32.848387;22.135484;87.991935;
82212;30/09/2004;0000;119.9;33.22;22.026667;87.85;
82212;31/10/2004;0000;197.5;33.877419;23.264516;87.822581;
82212;30/11/2004;0000;142.9;33.436667;23.266667;87.5;
82212;31/12/2004;0000;142.1;33.525806;23.329032;88.435484;
82212;31/01/2005;0000;109.1;33.619355;23.522581;89.096774;
82212;28/02/2005;0000;352.8;31.546429;22.928571;90.321429;
82212;31/03/2005;0000;412.8;32.783871;23.335484;89.41129;
82212;30/04/2005;0000;362.1;33.136667;23.216667;88.433333;
82212;31/05/2005;0000;299.2;32.632258;23.148387;89.008065;
82212;30/06/2005;0000;70.8;32.606667;23.16;90.008333;
82212;31/07/2005;0000;110.9;32.374194;21.780645;90.258065;
82212;31/08/2005;0000;144.1;34.012903;22.696774;90.096774;
82212;30/09/2005;0000;66.8;33.32;22.593333;89.516667;
82212;31/10/2005;0000;199;34.33871;23.219355;88.524194;
82212;30/11/2005;0000;180.6;32.9;23.02;90.741667;
82212;31/12/2005;0000;308.6;32.987097;23.270968;91.395161;
82212;31/01/2006;0000;267.1;32.46129;23.025806;90.758065;
82212;28/02/2006;0000;215;32.171429;23.257143;91.642857;
82212;31/03/2006;0000;210.6;32.432258;23.154839;92.508065;
82212;30/04/2006;0000;312.6;32.776667;23.206667;90.1;
82212;31/05/2006;0000;297.6;30.929032;22.83871;90.459677;
82212;30/06/2006;0000;157.7;32.406667;22.786667;90.533333;
82212;31/07/2006;0000;196.9;32.529032;22.516129;90.096774;
82212;31/08/2006;0000;166.3;33.503226;22.56129;89.774194;
82212;30/09/2006;0000;164.2;34.126667;22.803333;85.916667;
82212;31/10/2006;0000;260.4;34.064516;23.290323;86;
82212;30/11/2006;0000;355.1;32.826667;22.976667;86.916667;
82212;31/12/2006;0000;285;32.83871;23.183871;86.169355;
82212;31/01/2007;0000;228.9;33.070968;23.535484;86.072581;
82212;28/02/2007;0000;37.6;34.332143;23.675;84.125;
82212;31/03/2007;0000;257.4;32.6;22.741935;86.75;
82212;30/04/2007;0000;392.3;32.233333;23.116667;87.075;
82212;31/05/2007;0000;287.7;31.867742;22.641935;88.080645;
82212;30/06/2007;0000;196.7;32.383333;22.483333;86.666667;
82212;31/07/2007;0000;193.7;32.703226;22.025806;87.717742;
82212;31/08/2007;0000;96.6;33.416667;22.022581;86.306452;
82212;30/09/2007;0000;141.2;34.043333;22.306667;86.4;
82212;31/10/2007;0000;205.2;33.635484;22.367742;86.83871;
82212;30/11/2007;0000;217.3;33.77;22.786667;85.983333;
82212;31/12/2007;0000;273.9;33.370968;22.216129;87.443548;
82212;31/01/2008;0000;380.5;33.4;23.070968;86.258065;
82212;29/02/2008;0000;332.3;33.824138;22.089655;88.181034;
82212;31/03/2008;0000;308.6;33.390323;21.716129;90.080645;
82212;30/04/2008;0000;325.6;33.586667;22.576667;86.975;
82212;31/05/2008;0000;337.8;31.751613;21.858065;89.16129;
82212;30/06/2008;0000;211.1;31.686667;21.433333;89.283333;
82212;31/07/2008;0000;147.1;33.306452;21.858065;86.459677;
82212;31/08/2008;0000;185.5;34.609677;22.606452;84.830645;
82212;30/09/2008;0000;136.1;33.81;22.573333;86.291667;
82212;31/10/2008;0000;232;34.022581;23.003226;84.322581;
82212;30/11/2008;0000;139.1;33.873333;23.36;86.066667;
82212;31/12/2008;0000;316.5;33.583871;22.903226;85.556452;
82212;31/01/2009;0000;409.7;32.506452;22.903226;83.895161;
82212;28/02/2009;0000;183.6;32.907143;22.928571;82.839286;
82212;31/03/2009;0000;327.5;32.106452;23.032258;86.024194;
82212;30/04/2009;0000;234.8;31.683333;23.066667;87.333333;
82212;31/05/2009;0000;456;31.96129;22.903226;84.903226;
82212;30/06/2009;0000;280.7;30.646667;22.51;86.391667;
82212;31/07/2009;0000;300;32.129032;22.722581;84.141667;
82212;31/08/2009;0000;110.2;33.358065;23.096774;83.798387;
82212;30/09/2009;0000;146.4;34.263333;22.623333;82.016667;
82212;31/10/2009;0000;119.4;33.764516;23.225806;83.583333;
82212;30/11/2009;0000;80.2;34.153333;23.293333;84.216667;
82212;31/12/2009;0000;138.8;32.551613;23.103226;87.225;
82212;31/01/2010;0000;286.6;32.764516;23.070968;84.258065;
82212;28/02/2010;0000;180.8;33.117857;23.25;83.098214;
82212;31/03/2010;0000;198.5;32.983871;23.103226;85.233871;
82212;30/04/2010;0000;269.3;31.44;22.913333;88.275;
82212;31/05/2010;0000;333.9;31.403226;22.967742;86.379032;
82212;30/06/2010;0000;249.7;32.046667;23.14;86.066667;
82212;31/07/2010;0000;225.2;31.332258;22.303226;84.975806;
82212;31/08/2010;0000;81.1;33.3;22.816129;83.935484;
82212;30/09/2010;0000;42.7;33.936667;23.24;81.325;
82212;31/10/2010;0000;175.4;33.709677;22.883871;82.951613;
82212;30/11/2010;0000;124.1;33.273333;22.96;82.616667;
82212;31/12/2010;0000;167.9;32.567742;22.703226;84.653226;
82212;31/01/2011;0000;210.4;32.074194;22.83871;83.556452;
82212;28/02/2011;0000;192.6;31.914286;22.735714;83.464286;
82212;31/03/2011;0000;256.8;32.387097;22.606452;85.080645;
82212;30/04/2011;0000;445.6;32.123333;22.2;86.733333;
82212;31/05/2011;0000;448.6;31.006452;22.503226;87.129032;
82212;30/06/2011;0000;150.5;31.803333;22.613333;85.241667;
82212;31/07/2011;0000;100.5;32.345161;22.567742;84.75;
82212;31/08/2011;0000;31;33.929032;22.83871;79.629032;
82212;30/09/2011;0000;176.1;33.27;22.74;81.841667;
82212;31/10/2011;0000;192.1;33.325806;22.96129;84.419355;
82212;30/11/2011;0000;211.9;33.206667;22.906667;85.108333;
82212;31/12/2011;0000;257.7;32.835484;23.025806;83.137097;
82212;31/01/2012;0000;553.7;31.629032;22.922581;83.443548;
82212;29/02/2012;0000;187.4;31.265517;22.862069;85.268519;
82212;31/03/2012;0000;442.1;30.712903;21.806452;88.866667;
82212;30/04/2012;0000;299;31.466667;22.346667;88.474138;
82212;31/05/2012;0000;357.3;31.841935;22.690323;86.560345;
82212;30/06/2012;0000;214.2;31.553333;22.62;86.55;
82212;31/07/2012;0000;239.8;31.354839;22.387097;85.25;
82212;31/08/2012;0000;94;33.635484;22.96129;81.233333;
82212;30/09/2012;0000;115.5;33.54;22.666667;81.541667;
82212;31/10/2012;0000;57.2;33.416129;22.967742;83.769231;
82212;30/11/2012;0000;99.2;33.43;23.24;82;
82212;31/12/2012;0000;286.5;32.374194;22.619355;83.87963;
82212;31/01/2013;0000;154.9;32.419355;23.012903;81.645161;
82212;28/02/2013;0000;312.1;31.3;22.65;86.767857;
82212;31/03/2013;0000;325.3;31.870968;22.43871;87.330645;
82212;30/04/2013;0000;230.8;32.426667;22.833333;83.525;
82212;31/05/2013;0000;459;31.612903;22.548387;85.556452;
82212;30/06/2013;0000;284.4;31.82;22.66;83.808333;
82212;31/07/2013;0000;265.1;31.012903;21.651613;86.129032;
82212;31/08/2013;0000;258.1;31.925806;22.06129;83.870968;
82212;30/09/2013;0000;138.3;32.826667;22.786667;83.575;
82212;31/10/2013;0000;71.2;33.451613;23.283871;81.798387;
82212;30/11/2013;0000;299.9;32.663333;22.913333;85.808333;
82212;31/12/2013;0000;168.6;32.480645;22.825806;85.120968;
82212;31/01/2014;0000;288;32.058065;22.83871;84.145161;
82212;28/02/2014;0000;276.6;31.353571;22.842857;83.660714;
82212;31/03/2014;0000;489.2;31.658065;22.122581;87.854839;
82212;30/04/2014;0000;332.6;31.64;22.76;86.191667;
82212;31/05/2014;0000;391.6;30.996774;22.441935;86.008333;
82212;30/06/2014;0000;342.3;31.193103;22.61;84.939655;
82212;31/07/2014;0000;189.4;31.756667;22.083871;84.217742;
82212;31/08/2014;0000;134.6;31.970968;22.651613;83.653226;
82212;30/09/2014;0000;104.7;33.446429;23.17931;80.37069;
82212;31/10/2014;0000;118.2;32.713333;23.025806;83.941667;
82212;30/11/2014;0000;193.5;32.842308;22.973333;83.298077;
82212;31/12/2014;0000;314.1;32.137931;22.806667;83.784483;
82212;31/01/2015;0000;357.1;31.506667;22.774194;83.608333;
82212;28/02/2015;0000;118.3;32.315385;22.673077;81.596154;
82212;31/03/2015;0000;157.4;31.393103;22.1;88.689655;
82212;30/04/2015;0000;118;32.214815;22.938462;84.685185;
82212;31/05/2015;0000;216.5;31.696154;22.4;84.538462;
82212;30/06/2015;0000;102.5;31.823077;22.386667;83.442308;
82212;31/07/2015;0000;76;32.242857;22.562069;82.803571;
82212;31/08/2015;0000;110;33.175862;22.827586;82.508621;
82212;30/09/2015;0000;42.6;35.207407;23.275862;79.425926;
82212;31/10/2015;0000;108.2;32.510345;22.96129;84.353448;
82212;30/11/2015;0000;83.7;33.813793;23.117241;80.508621;
82212;31/12/2015;0000;174.7;32.743333;23.029032;83.841667;
