--------------------
BDMEP - INMET
--------------------
Estação           : FORTALEZA - CE (OMM: 82397)
Latitude  (graus) : -3.81
Longitude (graus) : -38.53
Altitude  (metros): 26.45
Estação Operante
Inicio de operação: 27/10/1919
Periodo solicitado dos dados: 01/01/2000 a 01/01/2016
Os dados listados abaixo são os que encontram-se digitados no BDMEP
Hora em UTC
--------------------
Obs.: Os dados aparecem separados por ; (ponto e vírgula) no formato txt.
      Para o formato planilha XLS, siga as instruções
--------------------
Estacao;Data;Hora;PrecipitacaoTotal;TempMaximaMedia;TempMinimaMedia;UmidadeRelativaMedia;
82397;31/01/2000;0000;246.9;30.629032;23.983871;80.387097;
82397;29/02/2000;0000;161;31.272414;23.731034;77.896552;
82397;31/03/2000;0000;323.9;30.583871;23.893548;82.185484;
82397;30/04/2000;0000;507.1;30.263333;23.433333;86.291667;
82397;31/05/2000;0000;203.4;30.63871;23.712903;81.330645;
82397;30/06/2000;0000;83.3;30.406667;23.046667;80.191667;
82397;31/07/2000;0000;114.1;30.070968;22.964516;;
82397;31/08/2000;0000;150.6;29.983871;22.741935;;
82397;30/09/2000;0000;147.4;29.826667;23.38;;
82397;31/10/2000;0000;;30.648387;23.777419;;
82397;30/11/2000;0000;;31.093333;24.416667;;
82397;31/12/2000;0000;;31.067742;24.412903;;
82397;31/01/2001;0000;;30.6;24.066667;;
82397;28/02/2001;0000;;31.103571;24.217857;;
82397;31/03/2001;0000;;30.658065;23.912903;;
82397;30/04/2001;0000;758.5;29.41;23.263333;;
82397;31/05/2001;0000;;30.735484;23.864516;;
82397;30/06/2001;0000;;29.966667;23.27;;
82397;31/07/2001;0000;;30.2;22.774194;;
82397;31/08/2001;0000;;31.003226;22.341935;;
82397;30/09/2001;0000;1.2;30.943333;23.813333;;
82397;31/10/2001;0000;6.3;31.429032;24.264516;71.983871;
82397;30/11/2001;0000;0;31.41;25.12;75.533333;
82397;31/12/2001;0000;58.8;31.635484;25.580645;77.392857;
82397;31/01/2002;0000;287.5;30.383871;23.806452;85.458333;
82397;28/02/2002;0000;88.3;31;23.803571;80.675926;
82397;31/03/2002;0000;344.3;30.570968;23.577419;85.798387;
82397;30/04/2002;0000;505.2;30.136667;23.416667;87.5;
82397;31/05/2002;0000;196.9;30.335484;23.693548;85.346774;
82397;30/06/2002;0000;190;29.926667;22.993333;83.491667;
82397;31/07/2002;0000;119.8;29.774194;22.670968;79.693548;
82397;31/08/2002;0000;14.2;30.683871;22.706452;76.8;
82397;30/09/2002;0000;9.1;30.63;23.256667;72.525;
82397;31/10/2002;0000;40.3;30.903226;24.109677;73.524194;
82397;30/11/2002;0000;20;30.923333;24.413333;74.858333;
82397;31/12/2002;0000;4.3;31.735484;25.277419;74.879032;
82397;31/01/2003;0000;151;31.258065;24.325806;77.33871;
82397;28/02/2003;0000;255.3;29.978571;23.978571;84.642857;
82397;31/03/2003;0000;547.9;29.835484;23.503226;86.854839;
82397;30/04/2003;0000;498.8;30.15;23.726667;85.6;
82397;31/05/2003;0000;331.6;30.53871;23.76129;83.604839;
82397;30/06/2003;0000;181.6;30.106667;23.27;81.658333;
82397;31/07/2003;0000;16.8;30.583871;22.848387;76.951613;
82397;31/08/2003;0000;12.5;30.712903;23.103226;74.064516;
82397;30/09/2003;0000;9.2;31.38;23.636667;71.566667;
82397;31/10/2003;0000;4.4;31.616129;24.745161;71.717742;
82397;30/11/2003;0000;19.1;31.796552;24.693333;72.691667;
82397;31/12/2003;0000;40.1;31.729032;25.158065;74.483871;
82397;31/01/2004;0000;447.2;30.351613;24.290323;83.580645;
82397;29/02/2004;0000;356.1;30.327586;23.568966;84.405172;
82397;31/03/2004;0000;515.8;30.706452;23.829032;82.991935;
82397;30/04/2004;0000;106.5;30.82;24.083333;81.241667;
82397;31/05/2004;0000;64.2;31.083871;24.058065;79.83871;
82397;30/06/2004;0000;263.4;29.776667;22.953333;82.575;
82397;31/07/2004;0000;109;29.941935;22.987097;79.612903;
82397;31/08/2004;0000;11.3;30.7;23.3;73.822581;
82397;30/09/2004;0000;24.6;31.163333;23.63;71.858333;
82397;31/10/2004;0000;2.4;31.277419;24.454839;71.491935;
82397;30/11/2004;0000;1.5;31.716667;24.596667;71.533333;
82397;31/12/2004;0000;26.3;31.577419;24.935484;73.104839;
82397;31/01/2005;0000;9.5;32.054839;25.503226;73.774194;
82397;28/02/2005;0000;109.3;32.232143;25.485714;75.901786;
82397;31/03/2005;0000;193.8;31.445161;25.029032;79.056452;
82397;30/04/2005;0000;205.8;31.353333;24.746667;79.925;
82397;31/05/2005;0000;365.8;30.451613;23.96129;82.580645;
82397;30/06/2005;0000;162;29.813333;23.22;83.608333;
82397;31/07/2005;0000;49.4;30.370968;22.896774;77.491935;
82397;31/08/2005;0000;15.1;30.967742;23.016129;71.548387;
82397;30/09/2005;0000;1.7;31.453333;23.53;69.6;
82397;31/10/2005;0000;0.4;31.412903;24.33871;69.685484;
82397;30/11/2005;0000;0.8;31.923333;25.15;70.383333;
82397;31/12/2005;0000;24.6;32.083871;25.109677;72.217742;
82397;31/01/2006;0000;42.8;31.777419;25.174194;72.612903;
82397;28/02/2006;0000;105.5;31.228571;24.917857;77.5;
82397;31/03/2006;0000;207.7;30.980645;24.112903;80.451613;
82397;30/04/2006;0000;574.5;29.973333;23.766667;86.583333;
82397;31/05/2006;0000;506.4;30.56129;23.596774;83.774194;
82397;30/06/2006;0000;178.7;29.76;23.023333;81.05;
82397;31/07/2006;0000;41.6;30.358065;22.829032;78.459677;
82397;31/08/2006;0000;15.9;31.212903;23.1;72.346774;
82397;30/09/2006;0000;11.7;31.51;24.156667;70.366667;
82397;31/10/2006;0000;6.1;31.6;24.858065;71.927419;
82397;30/11/2006;0000;7.4;31.616667;25.103333;71.758333;
82397;31/12/2006;0000;7.6;31.73871;25.716129;73.895161;
82397;31/01/2007;0000;37.3;31.816129;26.090323;75.274194;
82397;28/02/2007;0000;329;30.714286;24.392857;81.098214;
82397;31/03/2007;0000;340.5;30.922581;23.790323;82.024194;
82397;30/04/2007;0000;359.4;30.936667;24.023333;83.008333;
82397;31/05/2007;0000;179.5;31.164516;23.977419;80.064516;
82397;30/06/2007;0000;67.9;30.703333;22.976667;77.041667;
82397;31/07/2007;0000;56.7;30.935484;23.016129;78.241935;
82397;31/08/2007;0000;0.8;31.241935;22.790323;71.306452;
82397;30/09/2007;0000;2.9;31.67;23.36;69.7;
82397;31/10/2007;0000;0.9;31.309677;24.158065;71.056452;
82397;30/11/2007;0000;3.9;31.72;24.783333;72.166667;
82397;31/12/2007;0000;76.2;31.345161;24.896774;75.564516;
82397;31/01/2008;0000;278.4;30.648387;24.222581;80.266129;
82397;29/02/2008;0000;62.7;31.62069;24.310345;76.336207;
82397;31/03/2008;0000;316.4;30.474194;23.296774;83.427419;
82397;30/04/2008;0000;483.2;30.136667;23.356667;87.316667;
82397;31/05/2008;0000;288.6;30.435484;23.374194;83.653226;
82397;30/06/2008;0000;94.7;30.263333;22.763333;81.166667;
82397;31/07/2008;0000;10.5;31.074194;22.212903;75.354839;
82397;31/08/2008;0000;54.9;31.341935;22.464516;74.556452;
82397;30/09/2008;0000;0;31.78;23.253333;70.425;
82397;31/10/2008;0000;2;31.887097;24.154839;70.564516;
82397;30/11/2008;0000;2.9;31.846667;24.87;72.658333;
82397;31/12/2008;0000;8;31.916129;24.916129;73.145161;
82397;31/01/2009;0000;162;31.235484;24.151613;77.604839;
82397;28/02/2009;0000;307;30.257143;23.932143;82.339286;
82397;31/03/2009;0000;479.5;29.812903;23.596774;86.612903;
82397;30/04/2009;0000;561;30.013333;23.306667;87.158333;
82397;31/05/2009;0000;305.8;29.787097;23.232258;88.58871;
82397;30/06/2009;0000;252.6;30.11;22.993333;84.091667;
82397;31/07/2009;0000;208.8;30.135484;22.451613;81.024194;
82397;31/08/2009;0000;41.3;30.754839;22.529032;76.637097;
82397;30/09/2009;0000;3.4;31.293333;23.523333;72.691667;
82397;31/10/2009;0000;7.5;31.306452;23.66129;71.290323;
82397;30/11/2009;0000;7;31.596667;24.533333;71.233333;
82397;31/12/2009;0000;23.6;31.729032;24.787097;76.193548;
82397;31/01/2010;0000;70.9;31.880645;24.296774;76.870968;
82397;28/02/2010;0000;76.2;32.414286;25.271429;77.294643;
82397;31/03/2010;0000;234.7;32.403226;24.893548;78.008065;
82397;30/04/2010;0000;310;31.953333;24.356667;82.166667;
82397;31/05/2010;0000;176.7;31.654839;24.293548;80.604839;
82397;30/06/2010;0000;90.1;31.84;23.276667;76.2;
82397;31/07/2010;0000;54.2;31.816129;22.890323;74.08871;
82397;31/08/2010;0000;3.1;32.158065;22.680645;69.322581;
82397;30/09/2010;0000;0;32.163333;23.026667;68.183333;
82397;31/10/2010;0000;3.8;32.432258;24.36129;71.814516;
82397;30/11/2010;0000;13.2;32.533333;24.896667;71.108333;
82397;31/12/2010;0000;76.4;31.996774;24.616129;74.814516;
82397;31/01/2011;0000;668.3;30.574194;23.129032;83.91129;
82397;28/02/2011;0000;308.6;30.725;23.596429;84.035714;
82397;31/03/2011;0000;375.6;31.293548;23.187097;83.024194;
82397;30/04/2011;0000;387.3;30.393333;22.98;87.066667;
82397;31/05/2011;0000;160;31.048387;23.426667;83.403226;
82397;30/06/2011;0000;141.4;30.893333;22.656667;79.983333;
82397;31/07/2011;0000;123.2;30.845161;22.206452;78.725806;
82397;31/08/2011;0000;24.4;31.535484;22.306452;73.491935;
82397;30/09/2011;0000;0;32.166667;22.513333;71.325;
82397;31/10/2011;0000;32.8;31.574194;23.987097;74.854839;
82397;30/11/2011;0000;24.4;31.54;24.15;74.375;
82397;31/12/2011;0000;14.9;31.748387;24.8;73.58871;
82397;31/01/2012;0000;48.2;31.719355;24.980645;75.233871;
82397;29/02/2012;0000;210;30.889655;23.8;80.827586;
82397;31/03/2012;0000;302.4;30.641935;23.841935;81.75;
82397;30/04/2012;0000;152.1;31.066667;24.35;81.2;
82397;31/05/2012;0000;143;31.093548;23.967742;78.467742;
82397;30/06/2012;0000;140.2;30.71;23.54;79.383333;
82397;31/07/2012;0000;6.3;31.1;23.174194;73.225806;
82397;31/08/2012;0000;0;31.583871;22.93871;70.548387;
82397;30/09/2012;0000;2.1;31.533333;23.72;70.975;
82397;31/10/2012;0000;11.3;31.445161;24.287097;71.379032;
82397;30/11/2012;0000;3.7;31.673333;24.9;71.891667;
82397;31/12/2012;0000;14;31.993548;25.53871;74.016129;
82397;31/01/2013;0000;46.7;31.719355;25.403226;76.33871;
82397;28/02/2013;0000;109.5;32.292857;25.421429;75.669643;
82397;31/03/2013;0000;72.7;32.032258;25.670968;76.951613;
82397;30/04/2013;0000;154.6;31.416667;24.466667;79.975;
82397;31/05/2013;0000;144.3;31.3;24.283871;79.725806;
82397;30/06/2013;0000;217.9;30.5;23.533333;81.333333;
82397;31/07/2013;0000;87;30.564516;23.125806;78.274194;
82397;31/08/2013;0000;13.5;31.306452;23.758621;73.112069;
82397;30/09/2013;0000;10.5;31.59;24.113333;74.241667;
82397;31/10/2013;0000;9.4;31.935484;24.693548;73.129032;
82397;30/11/2013;0000;11.2;31.71;25;74.558333;
82397;31/12/2013;0000;10.6;31.945161;25.354839;73.379032;
82397;31/01/2014;0000;67.2;31.467742;24.425806;77.346774;
82397;28/02/2014;0000;144.2;31.032143;23.481481;80.178571;
82397;31/03/2014;0000;330.6;31.164516;23.603226;81.112903;
82397;30/04/2014;0000;266.9;30.92;23.49;84.558333;
82397;31/05/2014;0000;257.1;30.770968;23.458065;84.016129;
82397;30/06/2014;0000;56;31.23;23.266667;78.066667;
82397;31/07/2014;0000;35.6;31.167742;22.348387;75.66129;
82397;31/08/2014;0000;1.7;31.564516;22.735484;71.620968;
82397;30/09/2014;0000;7.5;31.64;23.42;73.491667;
82397;31/10/2014;0000;4.4;32.151613;23.909677;71.362903;
82397;30/11/2014;0000;18;31.876667;24.33;74.141667;
82397;31/12/2014;0000;48.9;31.770968;24.648387;74.209677;
82397;31/01/2015;0000;72.2;31.493548;24.319355;76.274194;
82397;28/02/2015;0000;144.6;31.532143;24.539286;79.1875;
82397;31/03/2015;0000;377.7;30.732258;23.629032;83.403226;
82397;30/04/2015;0000;296.4;30.86;23.64;84.975;
82397;31/05/2015;0000;81.1;31.748387;24.119355;79.427419;
82397;30/06/2015;0000;66.2;30.973333;23.086667;79.15;
82397;31/07/2015;0000;147.5;30.380645;22.570968;;
82397;31/08/2015;0000;12.7;30.987097;22.867742;;
82397;30/09/2015;0000;15.2;31.16;23.913333;;
82397;31/10/2015;0000;1.1;31.825806;23.903226;;
82397;30/11/2015;0000;1.2;;24.043333;;
82397;31/12/2015;0000;47.4;;24.813333;;
