--------------------
BDMEP - INMET
--------------------
Estação           : GUARAMIRANGA - CE (OMM: 82487)
Latitude  (graus) : -4.28
Longitude (graus) : -39
Altitude  (metros): 870.67
Estação Operante
Inicio de operação: 01/02/1911
Periodo solicitado dos dados: 01/01/2000 a 01/01/2016
Os dados listados abaixo são os que encontram-se digitados no BDMEP
Hora em UTC
--------------------
Obs.: Os dados aparecem separados por ; (ponto e vírgula) no formato txt.
      Para o formato planilha XLS, siga as instruções
--------------------
Estacao;Data;Hora;PrecipitacaoTotal;TempMaximaMedia;TempMinimaMedia;UmidadeRelativaMedia;
82487;31/01/2000;0000;254.3;24.780645;18.754839;88.330645;
82487;29/02/2000;0000;181.4;24.968966;18.524138;88.086207;
82487;31/03/2000;0000;341.6;24.103226;19.316129;91.58871;
82487;30/04/2000;0000;404.7;24.106667;19;91.225;
82487;31/05/2000;0000;10;;;;
82487;30/06/2000;0000;180.8;23.073333;18.283333;;
82487;31/07/2000;0000;153;23.245161;17.825806;;
82487;31/08/2000;0000;161.2;23.387097;17.367742;;
82487;30/09/2000;0000;91;24.706667;17.873333;;
82487;31/03/2001;0000;229.2;25.206452;19.274194;;
82487;30/04/2001;0000;491.8;23.333333;19.053333;;
82487;30/09/2001;0000;17.8;;;;
82487;31/10/2001;0000;28.4;27.167742;18.225806;81;
82487;30/11/2001;0000;0;26.686667;18.72;85.448276;
82487;31/12/2001;0000;82.9;25.896552;19.264286;87.240741;
82487;31/01/2002;0000;594.8;24.513333;18.667742;92.678571;
82487;28/02/2002;0000;113.4;25.088889;18.864286;87.75;
82487;31/03/2002;0000;470.4;24.535484;18.822581;91.008065;
82487;30/04/2002;0000;392;23.613793;18.806667;92.043103;
82487;31/05/2002;0000;230.5;23.735484;18.803226;92.525;
82487;30/06/2002;0000;243;22.56;17.655172;92.391667;
82487;31/07/2002;0000;177.7;23.406452;17.287097;88.596774;
82487;31/08/2002;0000;20.6;25.753333;16.832258;82.808333;
82487;30/09/2002;0000;36.2;26.206667;17.046667;81.15;
82487;31/10/2002;0000;32.4;26.851613;17.5;80.991935;
82487;30/11/2002;0000;96.4;26.56;17.846667;85.416667;
82487;31/12/2002;0000;62.2;26.425806;18.867742;85.524194;
82487;31/01/2003;0000;200;26.412903;18.558065;84.41129;
82487;28/02/2003;0000;340.8;24.192857;18.621429;93.169643;
82487;31/03/2003;0000;403;24.148387;18.512903;92.774194;
82487;30/04/2003;0000;485;24.106667;18.9;91.341667;
82487;31/05/2003;0000;299.2;23.535484;18.532258;93.629032;
82487;30/06/2003;0000;195.8;23.3;17.586667;91.191667;
82487;31/07/2003;0000;58.8;24.290323;16.629032;85.129032;
82487;31/08/2003;0000;92.6;25.541935;17.016129;83.354839;
82487;30/09/2003;0000;8.6;26.813333;17.333333;81.675;
82487;31/10/2003;0000;5.8;27.535484;17.635484;82.427419;
82487;30/11/2003;0000;47;27.313333;18.186667;83.808333;
82487;31/12/2003;0000;96.1;26.954839;18.764516;85.862903;
82487;31/01/2004;0000;424;25.303226;18.816129;91.895161;
82487;29/02/2004;0000;324;24.393103;18.258621;92.887931;
82487;31/03/2004;0000;293.9;24.554839;18.796774;92.580645;
82487;30/04/2004;0000;228.2;24.496552;19.486667;91.775;
82487;31/05/2004;0000;86.4;24.483871;18.516129;90.685484;
82487;30/06/2004;0000;435.8;22.52;17.52;93.108333;
82487;31/07/2004;0000;146;23.322581;16.887097;89.362903;
82487;31/08/2004;0000;31.2;25.283871;17.377419;84.620968;
82487;30/09/2004;0000;26.8;26.733333;17.446667;80.358333;
82487;31/10/2004;0000;25.6;26.690323;17.909677;84.048387;
82487;30/11/2004;0000;16.7;27.386667;18.453333;83.566667;
82487;31/12/2004;0000;20.6;27.303226;18.66129;84.403226;
82487;31/01/2005;0000;34.9;27.477419;19.222581;83.459677;
82487;28/02/2005;0000;82;27.085714;19.335714;84.767857;
82487;31/03/2005;0000;180;26.896774;19.616129;86.290323;
82487;30/04/2005;0000;334.2;24.813333;19.33;92.125;
82487;31/05/2005;0000;408.4;23.658065;18.435484;95.483871;
82487;30/06/2005;0000;419.4;22.433333;18.04;94.383333;
82487;31/07/2005;0000;32;24.006452;17.480645;85.314516;
82487;31/08/2005;0000;9.6;25.741935;17.383871;82.822581;
82487;30/09/2005;0000;7.2;26.646667;17.526667;87.4;
82487;31/10/2005;0000;1.4;27.529032;18.203226;85.806452;
82487;30/11/2005;0000;5.5;27.666667;18.826667;79.341667;
82487;31/12/2005;0000;36.4;27.258065;19.1;80.919355;
82487;31/01/2006;0000;78.4;27.36129;18.893548;83.540323;
82487;28/02/2006;0000;97;26.107143;19.085714;89.339286;
82487;31/03/2006;0000;298;24.529032;19.312903;92.282258;
82487;30/04/2006;0000;351.2;24.206667;18.746667;94;
82487;31/05/2006;0000;306.2;23.806452;18.535484;93.419355;
82487;30/06/2006;0000;306.4;22.393333;17.843333;93.525;
82487;31/07/2006;0000;96.5;23.36129;17.36129;90.08871;
82487;31/08/2006;0000;94;24.903226;17.441935;85.91129;
82487;30/09/2006;0000;29.4;26.366667;17.386667;90.133333;
82487;31/10/2006;0000;12;27.251613;18.3;81.91129;
82487;30/11/2006;0000;57.4;26.746667;18.653333;83.791667;
82487;31/12/2006;0000;43.6;26.683871;18.712903;89.419355;
82487;31/01/2007;0000;119.6;26.658065;19.422581;84.951613;
82487;28/02/2007;0000;177.6;25.271429;19.442857;88.910714;
82487;31/03/2007;0000;214.6;24.387097;19.196774;90.024194;
82487;30/04/2007;0000;358;24.606667;19.366667;90.55;
82487;31/05/2007;0000;128.2;24.083871;18.964516;89.459677;
82487;30/06/2007;0000;160;23.313333;18.12;89.175;
82487;31/07/2007;0000;51.6;24.683871;17.806452;85.935484;
82487;31/08/2007;0000;9.2;25.683871;17.180645;81.895161;
82487;30/09/2007;0000;8;27.02;17.226667;84.566667;
82487;31/10/2007;0000;8;27.651613;17.729032;80.290323;
82487;30/11/2007;0000;17.8;27.473333;18.46;81.15;
82487;31/12/2007;0000;82.8;26.677419;18.712903;91.774194;
82487;31/01/2008;0000;203.6;25.554839;19.06129;88.225806;
82487;29/02/2008;0000;27.4;26.586207;19.27931;84.517241;
82487;31/03/2008;0000;259.6;24.845161;18.854839;89.846774;
82487;30/04/2008;0000;417;24.233333;18.96;92.158333;
82487;31/05/2008;0000;204.4;23.974194;18.770968;90.870968;
82487;30/06/2008;0000;109.8;22.926667;18.053333;88.666667;
82487;31/07/2008;0000;105;23.567742;17.425806;90.709677;
82487;31/08/2008;0000;85.2;25.219355;17.567742;86;
82487;30/09/2008;0000;1;27.06;17.763333;80.7;
82487;31/10/2008;0000;13.8;27.632258;18.2;79.935484;
82487;30/11/2008;0000;23.4;27.413333;18.786667;81.533333;
82487;31/12/2008;0000;55.7;27.677419;18.958065;88.096774;
82487;31/01/2009;0000;135.8;26.658065;19.048387;84.701613;
82487;28/02/2009;0000;191.4;24.871429;19.121429;89.517857;
82487;31/03/2009;0000;370.8;24.316129;19.1;92.653226;
82487;30/04/2009;0000;410.2;24.62;19.06;92.425;
82487;31/05/2009;0000;424.8;24.187097;18.925806;92.854839;
82487;30/06/2009;0000;273;23.72;18.4;93.125;
82487;31/07/2009;0000;265;23.148387;17.677419;94.225806;
82487;31/08/2009;0000;62;24.76129;17.519355;87.766129;
82487;30/09/2009;0000;18.7;25.98;18.04;92.4;
82487;31/10/2009;0000;14;26.703226;18.132258;84.169355;
82487;30/11/2009;0000;39.4;26.566667;18.48;83.966667;
82487;31/12/2009;0000;32.6;26.167742;19.296774;85.91129;
82487;31/01/2010;0000;135.1;26.329032;19.196774;87.112903;
82487;28/02/2010;0000;52.5;26.628571;19.807143;85.821429;
82487;31/03/2010;0000;130;27.335484;19.977419;84.467742;
82487;30/04/2010;0000;356.3;25.44;19.9;90.375;
82487;31/05/2010;0000;72.2;25.606452;19.66129;89.032258;
82487;30/06/2010;0000;76;25.486667;18.563333;83.958333;
82487;31/07/2010;0000;9.1;26.2;18.116129;88.451613;
82487;31/08/2010;0000;4.1;27.064516;17.370968;75.943548;
82487;30/09/2010;0000;20;27.74;17.106667;80.905172;
82487;31/10/2010;0000;11.4;28.4;18.545161;76.887097;
82487;30/11/2010;0000;19.8;28.3;18.68;79.433333;
82487;31/12/2010;0000;188.6;26.322581;18.764516;85.08871;
82487;31/01/2011;0000;397.6;24.390323;18.458065;89.354839;
82487;28/02/2011;0000;228.9;24.118519;18.978571;90.517857;
82487;31/03/2011;0000;270.1;24.670968;18.780645;91.177419;
82487;30/04/2011;0000;208.4;24.06;19.113333;94.366667;
82487;31/05/2011;0000;248.4;23.754839;19.074194;93.16129;
82487;30/06/2011;0000;98.4;23.373333;18.123333;91.758333;
82487;31/07/2011;0000;182.2;23.264516;17.416129;92.533333;
82487;31/08/2011;0000;71.3;24.967742;17.254839;85.548387;
82487;30/09/2011;0000;4.8;27.05;17.233333;78.483333;
82487;31/10/2011;0000;100.3;26.316129;18.009677;84.935484;
82487;30/11/2011;0000;60.9;25.913333;18.44;87.158333;
82487;31/12/2011;0000;16.5;26.6;18.66129;84.354839;
82487;31/01/2012;0000;113.8;26.129032;18.619355;85.322581;
82487;29/02/2012;0000;243.6;25.268966;18.393103;87.189655;
82487;31/03/2012;0000;158.2;24.516129;18.551613;90.274194;
82487;30/04/2012;0000;99.4;25.36;19.38;91.7;
82487;31/05/2012;0000;56.5;25.612903;18.648387;86.975806;
82487;30/06/2012;0000;158.7;24.933333;18.31;88.441667;
82487;31/07/2012;0000;17.3;25.316129;17.596774;90.612903;
82487;31/08/2012;0000;1.8;26.819355;17.206452;79.419355;
82487;30/09/2012;0000;3;27.393333;17.396667;76.791667;
82487;31/10/2012;0000;24.7;27.877419;17.732258;78.169355;
82487;30/11/2012;0000;16.2;27.686667;18.58;79.766667;
82487;31/12/2012;0000;47.6;27.496774;18.93871;82.604839;
82487;31/01/2013;0000;91.4;26.916129;19.093548;84.717742;
82487;28/02/2013;0000;140.7;26.807143;19.314286;85.303571;
82487;31/03/2013;0000;126.2;26.845161;19.712903;86.532258;
82487;30/04/2013;0000;257;25.266667;19.366667;90.2;
82487;31/05/2013;0000;280.5;24.425806;19.3;93.556452;
82487;30/06/2013;0000;215.6;24.26;18.343333;90.416667;
82487;31/07/2013;0000;157;23.877419;17.770968;91.741935;
82487;31/08/2013;0000;21.8;25.851613;17.741935;82.919355;
82487;30/09/2013;0000;21.3;27.186667;17.793333;80.958333;
82487;31/10/2013;0000;22.2;27.6;18.109677;80.879032;
82487;30/11/2013;0000;59;26.86;18.473333;83.416667;
82487;31/12/2013;0000;15.4;27.006452;18.777419;81.516129;
82487;31/01/2014;0000;155.5;26.270968;18.816129;85.516129;
82487;28/02/2014;0000;120.6;25.314286;18.892857;88.741071;
82487;31/03/2014;0000;367.8;24.92;19.026667;90.935484;
82487;30/04/2014;0000;200.7;24.68;19.36;91.475;
82487;31/05/2014;0000;208.6;24.387097;19.280645;93.709677;
82487;30/06/2014;0000;94;24.286667;18.546667;89.466667;
82487;31/07/2014;0000;22.6;25.070968;17.554839;91.428571;
82487;31/08/2014;0000;2.6;26.516129;17.396774;80.91129;
82487;30/09/2014;0000;64;26.86;17.63;82.891667;
82487;31/10/2014;0000;40.4;27.329032;18.022581;80.491935;
82487;30/11/2014;0000;63.6;26.993333;18.3;84.041667;
82487;31/12/2014;0000;36.7;26.612903;18.925806;82.975806;
82487;31/01/2015;0000;135.3;25.722581;19.306452;83.814516;
82487;28/02/2015;0000;176.3;25.035714;19.714286;86.982143;
82487;31/03/2015;0000;339.6;24.329032;19.532258;90.241935;
82487;30/04/2015;0000;190.4;24.073333;19.833333;91.25;
82487;31/05/2015;0000;106.9;24.612903;19.758065;90.068966;
82487;30/06/2015;0000;158.5;24.12;18.906667;87.225;
82487;31/07/2015;0000;370.2;23.264516;18.093548;92.935484;
82487;31/08/2015;0000;14.1;26.522581;17.132258;83.620968;
82487;30/09/2015;0000;37.6;27.36;17.663333;83.858333;
82487;31/10/2015;0000;8.1;28.251613;17.906452;80.975806;
82487;30/11/2015;0000;3.7;29.041379;18.403333;78.775;
82487;31/12/2015;0000;59.8;28.36129;18.853333;80.766129;
