--------------------
BDMEP - INMET
--------------------
Estação           : IGUATU - CE (OMM: 82686)
Latitude  (graus) : -6.36
Longitude (graus) : -39.29
Altitude  (metros): 217.67
Estação Operante
Inicio de operação: 01/01/1911
Periodo solicitado dos dados: 01/01/2000 a 01/01/2016
Os dados listados abaixo são os que encontram-se digitados no BDMEP
Hora em UTC
--------------------
Obs.: Os dados aparecem separados por ; (ponto e vírgula) no formato txt.
      Para o formato planilha XLS, siga as instruções
--------------------
Estacao;Data;Hora;PrecipitacaoTotal;TempMaximaMedia;TempMinimaMedia;UmidadeRelativaMedia;
82686;31/01/2000;0000;144.9;31.145161;22.641935;77.653226;
82686;29/02/2000;0000;247.2;31.913793;22.7;78.887931;
82686;31/03/2000;0000;302.8;30.629032;22.416129;84.120968;
82686;30/04/2000;0000;215.5;30.656667;22.626667;81.5;
82686;31/05/2000;0000;67.4;31.087097;21.677419;74.91129;
82686;30/06/2000;0000;20.9;31.376667;21.686667;68.8;
82686;31/07/2000;0000;31;32.248387;21.387097;59.451613;
82686;31/08/2000;0000;12.4;33.280645;21.312903;54.766667;
82686;30/09/2000;0000;56.2;34.126667;22.546667;58;
82686;31/10/2000;0000;0;35.912903;22.787097;49.137097;
82686;30/11/2000;0000;0.4;35.686667;23.32;48.025;
82686;31/12/2000;0000;100.7;34.541379;23.548387;54.419355;
82686;31/01/2001;0000;59.5;33.864516;23.029032;62.266667;
82686;28/02/2001;0000;78.7;33.396429;23.389286;69.848214;
82686;31/03/2001;0000;262.7;31.532258;22.612903;77.024194;
82686;30/04/2001;0000;128.9;30.993333;22.763333;76.758333;
82686;31/05/2001;0000;13.6;33.503226;22.709677;70.375;
82686;30/06/2001;0000;53.6;32.266667;22.023333;62.491667;
82686;31/07/2001;0000;10.4;33.222581;21.703226;52.112903;
82686;31/08/2001;0000;24;34.054839;21.603226;43.564516;
82686;30/09/2001;0000;6.2;35.56;22.973333;44.558333;
82686;31/10/2001;0000;16.9;35.806452;23.532258;46.685484;
82686;30/11/2001;0000;0;36.23;24.58;46.891667;
82686;31/12/2001;0000;109.7;35.236667;23.846667;50.683333;
82686;31/01/2002;0000;234.8;30.812903;22.664516;82.137097;
82686;28/02/2002;0000;44;32.65;21.975;72.544643;
82686;31/03/2002;0000;215.3;31.948387;22.596774;78.064516;
82686;30/04/2002;0000;117;31.193333;22.366667;78.325;
82686;31/05/2002;0000;142.3;31.129032;22.019355;77.233871;
82686;30/06/2002;0000;26.8;31.753333;20.803333;66.791667;
82686;31/07/2002;0000;15.6;33.651613;21.248387;53.620968;
82686;31/08/2002;0000;0;34.722581;21.212903;43.008065;
82686;30/09/2002;0000;0.5;35.916667;22.293333;38.216667;
82686;31/10/2002;0000;6.4;36.729032;23.212903;38.403226;
82686;30/11/2002;0000;0.4;36.616667;23.58;39.991667;
82686;31/01/2003;0000;95.9;34.932258;23.177419;53.169355;
82686;28/02/2003;0000;337.7;32.210714;22.489286;74.580357;
82686;31/03/2003;0000;256.4;31.422581;22.225806;84.1;
82686;30/04/2003;0000;139.3;31.573333;22.043333;85.466667;
82686;31/05/2003;0000;80;31.803226;21.783871;83.166667;
82686;30/06/2003;0000;62.7;32.103333;20.563333;75.733333;
82686;31/07/2003;0000;1.8;33.525806;20.083871;56.269231;
82686;31/08/2003;0000;28.9;34.996774;20.883871;51.548387;
82686;31/10/2003;0000;31.4;36.822581;23.996774;43.258065;
82686;30/11/2003;0000;17.9;36.96;23.693333;44.466667;
82686;31/12/2003;0000;24.3;36.66129;23.535484;51.233333;
82686;31/01/2004;0000;420.5;32.36129;21.941935;75.866667;
82686;29/02/2004;0000;237.3;30.913793;20.782759;86.551724;
82686;31/03/2004;0000;269.9;31.177419;22.441935;86.096774;
82686;30/04/2004;0000;82.7;31.533333;22.8;87.033333;
82686;31/05/2004;0000;125.1;31.445161;22.319355;85.258065;
82686;30/06/2004;0000;39.7;30.453333;20.776667;83.566667;
82686;31/07/2004;0000;19.7;31.883333;21.477419;68.451613;
82686;31/08/2004;0000;0;34.151613;20.883871;56.064516;
82686;30/09/2004;0000;7.1;35.346667;21.816667;48.1;
82686;30/11/2004;0000;0;36.023333;22.52;48.4;
82686;31/12/2004;0000;0;36.016129;22.932258;50.451613;
82686;31/01/2005;0000;34;35.745161;23.032258;54.558333;
82686;28/02/2005;0000;41.7;35.253571;23.017857;58.607143;
82686;31/03/2005;0000;234.3;33.822581;22.358065;71;
82686;30/04/2005;0000;28.4;31.956667;21.713333;81.366667;
82686;31/05/2005;0000;41.6;31.777419;20.312903;80.709677;
82686;30/06/2005;0000;87.1;32.126667;20.056667;71.4;
82686;31/07/2005;0000;1.5;32.725806;19.351613;60.258065;
82686;31/08/2005;0000;0;34.16129;21.254839;53.290323;
82686;30/09/2005;0000;0;35.076667;23.28;48;
82686;31/10/2005;0000;1.2;36.616129;23.890323;44.612903;
82686;30/11/2005;0000;0;36.226667;24.203333;44.666667;
82686;31/12/2005;0000;120.2;34.648387;24.151613;52.08871;
82686;31/01/2006;0000;65.1;35.3;23;55.572581;
82686;28/02/2006;0000;136;32.867857;23.175;68.901786;
82686;31/03/2006;0000;75.7;31.958065;22.690323;76.346774;
82686;30/04/2006;0000;148.7;31.296667;21.976667;80.9;
82686;31/05/2006;0000;50.3;30.848387;21.216129;78.193548;
82686;30/06/2006;0000;15.4;31.536667;19.943333;66.616667;
82686;31/07/2006;0000;8.3;32.577419;19.458065;62.040323;
82686;31/08/2006;0000;1.2;33.909677;20.216129;47.91129;
82686;30/09/2006;0000;2.7;35.19;21.466667;46.283333;
82686;31/10/2006;0000;128.4;35.651613;22.267742;51.112903;
82686;30/11/2006;0000;10.7;35.49;23.606667;51.65;
82686;31/12/2006;0000;141.7;35.722581;23.996774;52.056452;
82686;31/01/2007;0000;87.5;34.967742;23.732258;59.532258;
82686;28/02/2007;0000;303;31.896429;22.567857;79.223214;
82686;31/03/2007;0000;124.6;31.383871;22.406452;76.516129;
82686;30/04/2007;0000;165.7;32.44;22.416667;75.733333;
82686;31/05/2007;0000;52.4;31.835484;21.364516;72.362903;
82686;30/06/2007;0000;30.3;32.323333;20.426667;60.691667;
82686;31/07/2007;0000;0.1;33.677419;20.651613;53.483871;
82686;31/08/2007;0000;4.8;34.041935;20.854839;45.217742;
82686;30/09/2007;0000;0.7;35.14;21.903333;46.858333;
82686;31/10/2007;0000;0.9;36.203226;22.977419;46.387097;
82686;30/11/2007;0000;0;36.41;23.38;48.3;
82686;31/12/2007;0000;65.2;35.425806;23.316129;50.959677;
82686;31/01/2008;0000;114;33.709677;22.835484;65.024194;
82686;29/02/2008;0000;260.5;31.548276;21.996552;77.810345;
82686;31/03/2008;0000;389.4;31.016129;21.496774;81.258065;
82686;30/04/2008;0000;248.6;30.606667;21.983333;82.825;
82686;31/05/2008;0000;123.9;30.125806;21.093548;80.395161;
82686;30/06/2008;0000;0.9;30.403333;19.37;68.433333;
82686;31/07/2008;0000;12.8;30.929032;19.593548;62.354839;
82686;31/08/2008;0000;20.2;33.174194;21.206452;49.919355;
82686;30/09/2008;0000;0;35.123333;22.173333;43.066667;
82686;31/10/2008;0000;0.3;35.919355;23.4;43.298387;
82686;30/11/2008;0000;0;36.196667;23.366667;45.491667;
82686;31/12/2008;0000;7.2;35.670968;24.296774;54.137097;
82686;31/01/2009;0000;193;34.141935;22.974194;63.274194;
82686;28/02/2009;0000;197.8;30.946429;22.367857;79.607143;
82686;31/03/2009;0000;137.7;31.56129;22.709677;78.758065;
82686;30/04/2009;0000;474;30.316667;21.816667;85.333333;
82686;31/05/2009;0000;125.4;30.06129;22.022581;82.370968;
82686;30/06/2009;0000;15.9;30.4;20.66;75.525;
82686;31/07/2009;0000;36.5;31.364516;20.041935;75.266129;
82686;31/08/2009;0000;91.4;32.609677;20.335484;60.040323;
82686;30/09/2009;0000;12.7;34.02;21.686667;54.916667;
82686;31/10/2009;0000;0.3;35.090323;22.509677;50.556452;
82686;30/11/2009;0000;0;36.05;23.386667;48.716667;
82686;31/12/2009;0000;8.5;35.267742;23.867742;52.959677;
82686;31/01/2010;0000;119.6;33.103226;23.009677;66.096774;
82686;28/02/2010;0000;105.4;33.596429;23.310714;65.473214;
82686;31/03/2010;0000;185.2;35.135484;23.770968;62.008065;
82686;30/04/2010;0000;224.3;32.053333;23.513333;80.375;
82686;31/05/2010;0000;48.8;32.835484;22.76129;74.403226;
82686;30/06/2010;0000;36.6;32.566667;20.87;64.933333;
82686;31/07/2010;0000;0.2;33.580645;20.816129;55.879032;
82686;31/08/2010;0000;3.5;34.332258;21.483871;47.790323;
82686;30/09/2010;0000;0.2;35.51;23.02;45.225;
82686;31/10/2010;0000;63.9;35.364516;23.974194;48.395161;
82686;30/11/2010;0000;1.7;35.446667;24.026667;48.725;
82686;31/12/2010;0000;64.7;33.06129;23.454839;60.040323;
82686;31/01/2011;0000;238.8;32.283871;22.964516;66.806452;
82686;28/02/2011;0000;336.3;30.478571;22.471429;78.366071;
82686;31/03/2011;0000;91.6;31.564516;23.003226;75.717742;
82686;30/04/2011;0000;494.6;31.426667;22.47;76.758333;
82686;31/05/2011;0000;213.5;30.119355;22.016129;79.758065;
82686;30/06/2011;0000;8.5;31.79;21.333333;72.655172;
82686;31/07/2011;0000;87.1;31.541935;20.622581;74.133333;
82686;31/08/2011;0000;26.1;34.009677;21.254839;55.580645;
82686;30/09/2011;0000;0;35.25;22.23;55.366667;
82686;31/10/2011;0000;77.4;34.758065;23.329032;54.306452;
82686;30/11/2011;0000;23;33.853333;23.243333;58.658333;
82686;31/12/2011;0000;6.1;35.496774;23.848387;45.983871;
82686;31/01/2012;0000;213.7;33.841935;23.480645;59.467742;
82686;29/02/2012;0000;211.4;32.148276;22.827586;68.715517;
82686;31/03/2012;0000;245.9;31.854839;22.819355;75.516129;
82686;30/04/2012;0000;154.7;32.046667;22.89;77.616667;
82686;31/05/2012;0000;27;33.941935;22.216129;65.669355;
82686;30/06/2012;0000;29.6;33.486667;21.8;62.058333;
82686;31/07/2012;0000;1.2;33.733333;21.514815;55;
82686;31/08/2012;0000;0;34.341935;21.43871;45.846774;
82686;30/09/2012;0000;0.5;35.556667;22.173333;41.166667;
82686;31/10/2012;0000;0.3;36.335484;23.270968;42.91129;
82686;30/11/2012;0000;12.1;35.803333;23.626667;47.341667;
82686;31/12/2012;0000;0;36.170968;24.403226;44.774194;
82686;31/01/2013;0000;78.6;35.164516;24.270968;53.056452;
82686;28/02/2013;0000;54.2;35.760714;23.928571;53.035714;
82686;31/03/2013;0000;84.7;34.654839;24.058065;60.733871;
82686;30/04/2013;0000;140.8;32.543333;23.353333;73.058333;
82686;31/05/2013;0000;251.5;31.496774;22.329032;75.798387;
82686;30/06/2013;0000;101.1;31.27;21.5;73.041667;
82686;31/07/2013;0000;61.1;32.322581;20.912903;68.483871;
82686;31/08/2013;0000;7.2;34.393548;22.141935;49.040323;
82686;30/09/2013;0000;1.9;35.9;22.91;42.066667;
82686;31/10/2013;0000;49.3;36.212903;23.564516;42.782258;
82686;30/11/2013;0000;29.5;34.38;23.316667;52.25;
82686;31/12/2013;0000;31.1;34.929032;23.5;49.370968;
82686;31/01/2014;0000;67.7;34.229032;23.367742;55.314516;
82686;28/02/2014;0000;161.6;31.928571;22.446429;74.178571;
82686;31/03/2014;0000;282.4;31.629032;22.448387;78.774194;
82686;30/04/2014;0000;239.9;31.293333;22.443333;80.825;
82686;31/05/2014;0000;72.8;31.441935;21.732258;72.427419;
82686;30/06/2014;0000;27.5;31.923333;20.973333;61.608333;
82686;31/07/2014;0000;27.4;32.606452;20.483871;62.473214;
82686;31/08/2014;0000;0;34.345161;21.122581;44.467742;
82686;30/09/2014;0000;9.1;35.56;22.26;43.3;
82686;31/10/2014;0000;49.5;35.183871;22.503226;43.379032;
82686;30/11/2014;0000;12.9;35.453333;22.713333;47.658333;
82686;31/12/2014;0000;8.8;35.532258;23.532258;46.774194;
82686;31/01/2015;0000;27.6;35.741935;23.464516;49.516129;
82686;28/02/2015;0000;157.2;34.335714;22.946429;59.491071;
82686;31/03/2015;0000;163;32.383871;22.593548;74.266129;
82686;30/04/2015;0000;77.1;33.1;22.126667;72.125;
82686;31/05/2015;0000;114.9;33.996774;22.222581;64.056452;
82686;30/06/2015;0000;29.7;32.803333;21.31;59.075;
82686;31/07/2015;0000;29.8;33.154839;21.645161;58.341667;
82686;31/08/2015;0000;0.8;34.883871;21.322581;38.459677;
82686;30/09/2015;0000;0.2;36.4;22.05;39.358333;
82686;31/10/2015;0000;0;36.7;22.583871;39.637097;
82686;30/11/2015;0000;0;37.165517;23.333333;39.608333;
82686;31/12/2015;0000;30.5;37.058065;23.72;42.717742;
