--------------------
BDMEP - INMET
--------------------
Estação           : IPAMERI - GO (OMM: 83522)
Latitude  (graus) : -17.71
Longitude (graus) : -48.16
Altitude  (metros): 772.99
Estação Operante
Inicio de operação: 10/02/1977
Periodo solicitado dos dados: 01/01/2000 a 01/01/2016
Os dados listados abaixo são os que encontram-se digitados no BDMEP
Hora em UTC
--------------------
Obs.: Os dados aparecem separados por ; (ponto e vírgula) no formato txt.
      Para o formato planilha XLS, siga as instruções
--------------------
Estacao;Data;Hora;PrecipitacaoTotal;TempMaximaMedia;TempMinimaMedia;UmidadeRelativaMedia;
83522;31/01/2000;0000;237.3;29.6;20.16129;78.854839;
83522;29/02/2000;0000;255.3;29.448276;19.986207;80.853448;
83522;31/03/2000;0000;276.2;29.119355;19.796774;82.25;
83522;30/04/2000;0000;97.9;29.513333;17.31;74.225;
83522;31/05/2000;0000;0;28.522581;14.725806;68.991935;
83522;30/06/2000;0000;0;28.56;12.586667;64.991667;
83522;31/07/2000;0000;2.9;27.203226;12.209677;69.306452;
83522;31/08/2000;0000;28.8;30.380645;15.625806;56.822581;
83522;30/09/2000;0000;107.9;29.36;18.526667;68.116667;
83522;31/10/2000;0000;74.1;32.835484;19.248387;62.387097;
83522;30/11/2000;0000;226;29.463333;19.48;80.925;
83522;31/12/2000;0000;336.1;30.577419;20.254839;81.330645;
83522;31/01/2001;0000;136;31.409677;19.509677;74.16129;
83522;28/02/2001;0000;50.1;33.225;19.871429;71.803571;
83522;31/03/2001;0000;239.8;30.095238;19.303226;78.701613;
83522;30/04/2001;0000;21.5;;17.646667;71.4;
83522;31/05/2001;0000;77.6;;15.483871;73.58871;
83522;30/06/2001;0000;0;;13.57;69.958333;
83522;31/07/2001;0000;14.6;28.725806;14.067742;62.483871;
83522;31/08/2001;0000;13.6;28.145161;13.93871;57.790323;
83522;30/09/2001;0000;131.4;30.716667;17.89;58.975;
83522;31/10/2001;0000;85.2;29.245161;18.680645;68.822581;
83522;30/11/2001;0000;328.6;29.556667;19.893333;78.491667;
83522;31/12/2001;0000;312.7;28.822581;20.109677;76.870968;
83522;31/01/2002;0000;228.8;29.780645;20.335484;75.354839;
83522;28/02/2002;0000;260.2;29.310714;20.082143;81.839286;
83522;31/03/2002;0000;127.7;30.293548;19.606452;73.032258;
83522;30/04/2002;0000;12.7;30.773333;17.98;66.766667;
83522;31/05/2002;0000;27.5;29.196774;15.990323;68.951613;
83522;30/06/2002;0000;0;28.116667;13.416667;62.366667;
83522;31/07/2002;0000;0.6;28.874194;14.087097;60.258065;
83522;31/08/2002;0000;0;30.4;16.512903;51.112903;
83522;30/09/2002;0000;60;30.543333;18.163333;56.733333;
83522;31/10/2002;0000;51.3;34.003226;20.541935;44.266129;
83522;30/11/2002;0000;111.8;30.506667;20.45;66.4;
83522;31/12/2002;0000;221.6;30.822581;20.777419;72.177419;
83522;31/01/2003;0000;424.5;29.183871;20.729032;81.354839;
83522;28/02/2003;0000;249;30.446429;19.553571;71.803571;
83522;31/03/2003;0000;201.1;28.767742;19.745161;78.330645;
83522;30/04/2003;0000;107;29.243333;18.546667;72.133333;
83522;31/05/2003;0000;6;27.367742;14.274194;64.58871;
83522;30/06/2003;0000;0;28.476667;12.906667;57.533333;
83522;31/07/2003;0000;0;27.593548;12.803226;51.620968;
83522;31/08/2003;0000;1.3;29.890323;15.206452;49.677419;
83522;30/09/2003;0000;27.4;30.75;18.383333;;
83522;31/10/2003;0000;102.7;30.725806;19.045161;;
83522;30/11/2003;0000;238.3;29.353333;19.756667;;
83522;31/12/2003;0000;227.7;30.948387;20.516129;70.056452;
83522;31/01/2004;0000;390.2;28.080645;20.483871;81.217742;
83522;29/02/2004;0000;394.4;27.996552;19.975862;83.525862;
83522;31/03/2004;0000;185.9;29.36129;19.003226;74.516129;
83522;30/04/2004;0000;172.5;28.97;18.633333;75.15;
83522;31/05/2004;0000;17.7;27.912903;16.058065;71.112903;
83522;30/06/2004;0000;0;26.42;13.35;63.866667;
83522;31/07/2004;0000;25.8;26.180645;13.025806;59.870968;
83522;31/08/2004;0000;0;29.516129;13.116129;44.451613;
83522;30/09/2004;0000;31.6;32.75;17.573333;35.683333;
83522;31/10/2004;0000;73.4;31.925806;19.383871;59.653226;
83522;30/11/2004;0000;124.6;29.603333;20.244828;67.616667;
83522;31/12/2004;0000;373;29.135484;19.774194;79.193548;
83522;31/01/2005;0000;351;29.125806;20.570968;80.65;
83522;28/02/2005;0000;197.2;30.296429;19.785185;69.383929;
83522;31/03/2005;0000;277.1;28.783871;20.51;81.564516;
83522;30/04/2005;0000;17.8;30.153333;18.293333;66.801724;
83522;31/05/2005;0000;10;27.858065;15.36129;64.008065;
83522;30/06/2005;0000;4.5;26.89;14.35;65.383333;
83522;31/07/2005;0000;0;27.651613;13.716129;55.395161;
83522;31/08/2005;0000;9.8;29.56129;14.56129;49.58871;
83522;30/09/2005;0000;51.1;31.33;19.12;52.575;
83522;31/10/2005;0000;123.7;33.512903;20.932258;49.048387;
83522;30/11/2005;0000;361.3;28.5;19.87;77.3;
83522;31/12/2005;0000;489.6;28.041935;19.603226;79.774194;
83522;31/01/2006;0000;185;30.106452;19.36129;65.991935;
83522;28/02/2006;0000;91.5;30.132143;20.360714;76.401786;
83522;31/03/2006;0000;406.8;29.1;20.206452;81.540323;
83522;30/04/2006;0000;132.1;28.733333;18.996667;75.3;
83522;31/05/2006;0000;32.3;27.303226;14.283871;68.153226;
83522;30/06/2006;0000;12;26.42;13.333333;62.55;
83522;31/07/2006;0000;5.3;27.187097;13.383871;58.137097;
83522;31/08/2006;0000;19.3;30.148387;15.716129;50.209677;
83522;30/09/2006;0000;85.1;30.156667;17.24;54.525;
83522;31/10/2006;0000;272.2;28.606452;19.7;76.895161;
83522;30/11/2006;0000;244.1;29.036667;19.843333;74.541667;
83522;31/12/2006;0000;400.4;29.083871;20.574194;81.564516;
83522;31/01/2007;0000;457.9;29.296774;20.341935;81.048387;
83522;28/02/2007;0000;293.4;28.921429;19.725;78.9375;
83522;31/03/2007;0000;64.2;30.76129;18.687097;65.895161;
83522;30/04/2007;0000;48.1;30.233333;18.563333;69.583333;
83522;31/05/2007;0000;4;28.874194;14.616129;63.677419;
83522;30/06/2007;0000;5.2;28;12.593333;59.208333;
83522;31/07/2007;0000;2.9;28.609677;14.287097;54.25;
83522;31/08/2007;0000;0;29.387097;13.858065;41.41129;
83522;30/09/2007;0000;1;32.213333;17.883333;37.383333;
83522;31/10/2007;0000;47.8;33.1;20.058065;47.637097;
83522;30/11/2007;0000;205.4;30.553333;20.3;68.166667;
83522;31/12/2007;0000;181.2;29.490323;19.793548;72.508065;
83522;31/01/2008;0000;259.5;28.596774;19.770968;78.709677;
83522;29/02/2008;0000;309.4;29.034483;19.7;81.077586;
83522;31/03/2008;0000;281.2;28.887097;19.270968;79.040323;
83522;30/04/2008;0000;78.6;29.403333;19.11;75.65;
83522;31/05/2008;0000;52;27.709677;14.829032;69.379032;
83522;30/06/2008;0000;0;28.013333;13.683333;62.525;
83522;31/07/2008;0000;0;27.677419;11.267742;50.080645;
83522;31/08/2008;0000;0;30.587097;14.83871;42.637097;
83522;30/09/2008;0000;30.2;32.253333;17.203333;44.533333;
83522;31/10/2008;0000;52.4;32.258065;19.529032;56.790323;
83522;30/11/2008;0000;134.1;29.996667;19.87;70.541667;
83522;31/12/2008;0000;301.8;28.751613;19.867742;78.274194;
83522;31/01/2009;0000;428.2;29.622581;19.764516;77.153226;
83522;28/02/2009;0000;178.9;30.225;19.892857;75.964286;
83522;31/03/2009;0000;150.8;30.451613;19.66129;76.354839;
83522;30/04/2009;0000;115.7;28.183333;18.016667;75.933333;
83522;31/05/2009;0000;30.3;27.874194;15.667742;72.370968;
83522;30/06/2009;0000;16.7;27.17;13.436667;69.108333;
83522;31/07/2009;0000;0.4;29.029032;14.164516;59.354839;
83522;31/08/2009;0000;22.8;29.483871;15.880645;54.564516;
83522;30/09/2009;0000;98.3;31.3;18.753333;63.391667;
83522;31/10/2009;0000;115.1;30.370968;19.896774;72.483871;
83522;30/11/2009;0000;206;30.823333;20.383333;73.866667;
83522;31/12/2009;0000;246.4;29.103226;20.135484;76.774194;
83522;31/01/2010;0000;196.6;30.451613;20.174194;73.580645;
83522;28/02/2010;0000;58.5;31.55;20.142857;71.892857;
83522;31/03/2010;0000;145.1;30.719355;20.33871;75.258065;
83522;30/04/2010;0000;62;29.69;17.066667;66.675;
83522;31/05/2010;0000;2.5;29.374194;14.870968;63.16129;
83522;30/06/2010;0000;1.4;28.093333;12.433333;59.341667;
83522;31/07/2010;0000;0;28.474194;14.4;52.217742;
83522;31/08/2010;0000;0;30.125806;12.751613;42.75;
83522;30/09/2010;0000;43.5;32.756667;18.143333;42.191667;
83522;31/10/2010;0000;92.5;31.96129;19.545161;62.975806;
83522;30/11/2010;0000;214.9;29.393333;19.703333;75.766667;
83522;31/12/2010;0000;279.3;30.219355;20.535484;76.201613;
83522;31/01/2011;0000;261.8;29.041935;20.035484;78.33871;
83522;28/02/2011;0000;91.7;30.914286;19.960714;73.758929;
83522;31/03/2011;0000;323.8;28.836667;19.835484;81.524194;
83522;30/04/2011;0000;98.2;29.5;18.013333;70.341667;
83522;31/05/2011;0000;0.2;28.245161;14.567742;67.701613;
83522;30/06/2011;0000;9.7;27.55;12.806667;65.95;
83522;31/07/2011;0000;0;28.693548;13.077419;55.620968;
83522;31/08/2011;0000;0;31.464516;14.916129;43.451613;
83522;30/09/2011;0000;0;32.8;17.293333;38;
83522;31/10/2011;0000;320.8;29.312903;18.977419;72.604839;
83522;30/11/2011;0000;98.9;29.473333;18.993333;67.841667;
83522;31/12/2011;0000;324;28.641935;19.948387;79.879032;
83522;31/01/2012;0000;374;28.083871;19.409677;80.435484;
83522;29/02/2012;0000;94.2;30.27931;19.117241;69.577586;
83522;31/03/2012;0000;150.4;30.387097;19.167742;72.403226;
83522;30/04/2012;0000;121;30.046667;19.096667;74.725;
83522;31/05/2012;0000;54;27.122581;15.6;72.443548;
83522;30/06/2012;0000;82.9;27.9;15.25;69.508333;
83522;31/07/2012;0000;1.1;27.906452;12.674194;60.104839;
83522;31/08/2012;0000;0;28.377419;14.077419;48.419355;
83522;30/09/2012;0000;46.8;32.19;17.116667;47.208333;
83522;31/10/2012;0000;41.2;33.325806;19.567742;50.983871;
83522;30/11/2012;0000;189.3;30.186667;20.57;74.133333;
83522;31/12/2012;0000;181.7;31.687097;20.43871;71.104839;
83522;31/01/2013;0000;222.4;28.554839;20.296774;79.604839;
83522;28/02/2013;0000;79.4;30.689286;19.578571;72.678571;
83522;31/03/2013;0000;282.8;30.012903;20.448387;78.217742;
83522;30/04/2013;0000;226.8;28.403333;17.35;75.05;
83522;31/05/2013;0000;32.4;28.551613;15.264516;67.862903;
83522;30/06/2013;0000;17.8;27.896667;15.486667;71.741667;
83522;31/07/2013;0000;0;28.209677;13.006452;60.201613;
83522;31/08/2013;0000;0.3;29.841935;14.170968;48.709677;
83522;30/09/2013;0000;28.8;31.12;17.586667;53.583333;
83522;31/10/2013;0000;95.8;30.574194;19.351613;63.282258;
83522;30/11/2013;0000;175.2;30.08;19.813333;71.683333;
83522;31/12/2013;0000;365.2;29.709677;20.470968;78.290323;
83522;31/01/2014;0000;85.1;30.877419;18.970968;66.733871;
83522;28/02/2014;0000;32.8;30.696429;19.110714;67.571429;
83522;31/03/2014;0000;282.9;29.519355;19.829032;76.427419;
83522;30/04/2014;0000;96.9;29.723333;18.996667;74.375;
83522;31/05/2014;0000;9.4;28.812903;14.76129;67.306452;
83522;30/06/2014;0000;1.1;28.216667;13.796667;65.975;
83522;31/07/2014;0000;40.6;27.329032;13.451613;62.862903;
83522;31/08/2014;0000;0;30.716129;13.567742;48.798387;
83522;30/09/2014;0000;25.9;32.58;18.896667;49.808333;
83522;31/10/2014;0000;17;33.380645;19.441935;49.008065;
83522;30/11/2014;0000;355.6;30.196667;20.09;73.408333;
83522;31/12/2014;0000;198.7;28.66129;19.987097;77.024194;
83522;31/01/2015;0000;67.8;32.512903;19.5;61.08871;
83522;28/02/2015;0000;301.8;29.732143;19.614286;73.1875;
83522;31/03/2015;0000;248.5;28.993548;19.93871;79.612903;
83522;30/04/2015;0000;183.8;29.636667;19.983333;77.666667;
83522;31/05/2015;0000;52.1;27.377419;16.651613;74.459677;
83522;30/06/2015;0000;0;27.426667;14.503333;68.333333;
83522;31/07/2015;0000;4;28.596774;14.03871;62.024194;
83522;31/08/2015;0000;0;30.493548;14.077419;48.112903;
83522;30/09/2015;0000;41.6;33.49;18.22;51.041667;
83522;31/10/2015;0000;46.7;35.241935;20.912903;47.927419;
83522;30/11/2015;0000;212.4;32.523333;21.18;69.808333;
83522;31/12/2015;0000;176.3;31.4;20.732258;72.362903;
