--------------------
BDMEP - INMET
--------------------
Estação           : IRAI - RS (OMM: 83881)
Latitude  (graus) : -27.18
Longitude (graus) : -53.23
Altitude  (metros): 247.10
Estação Operante
Inicio de operação: 01/06/1935
Periodo solicitado dos dados: 01/01/2000 a 01/01/2016
Os dados listados abaixo são os que encontram-se digitados no BDMEP
Hora em UTC
--------------------
Obs.: Os dados aparecem separados por ; (ponto e vírgula) no formato txt.
      Para o formato planilha XLS, siga as instruções
--------------------
Estacao;Data;Hora;PrecipitacaoTotal;TempMaximaMedia;TempMinimaMedia;UmidadeRelativaMedia;
83881;31/01/2000;0000;174.5;32.63871;19.941935;69.306452;
83881;29/02/2000;0000;146.1;31.57931;19.344828;72.275862;
83881;31/03/2000;0000;148.4;30.245161;17.816129;76.274194;
83881;30/04/2000;0000;118.8;28.28;15.393333;78.375;
83881;31/05/2000;0000;122.5;22.619355;10.896774;81.467742;
83881;30/06/2000;0000;163.9;22.893333;12.773333;85.391667;
83881;31/07/2000;0000;170;19.774194;5.716129;78.169355;
83881;31/08/2000;0000;83.7;24.4;10.051613;74.379032;
83881;30/09/2000;0000;308.7;24.86;13.133333;74.541667;
83881;31/10/2000;0000;434.5;28.8;16.825806;77.08871;
83881;30/11/2000;0000;91.8;30.3;16.6;68.083333;
83881;31/12/2000;0000;158.8;31.916129;18.890323;66.927419;
83881;30/09/2001;0000;132;;;;
83881;31/10/2001;0000;67.3;30.409524;15.926667;72.413462;
83881;30/11/2001;0000;70.8;31.786207;18.213333;69.801724;
83881;31/12/2001;0000;63.8;31.674074;18.128571;68.192308;
83881;31/01/2002;0000;113.8;31.567742;19.251613;68.633333;
83881;28/02/2002;0000;56;31.481481;18.651852;69.805556;
83881;31/03/2002;0000;85.1;33.948387;21.716129;74.040323;
83881;30/04/2002;0000;51;30.2;18.74;77.043103;
83881;31/05/2002;0000;197.8;25.48;15.083871;82.677419;
83881;30/06/2002;0000;179.8;21.493333;12.54;85.941667;
83881;31/07/2002;0000;94.1;21.090323;10.587097;84.548387;
83881;31/08/2002;0000;144.7;25.206452;13.903226;76.443548;
83881;30/09/2002;0000;138.9;24.226667;10.753333;73.85;
83881;31/10/2002;0000;395.3;28.077419;17.690323;79;
83881;30/11/2002;0000;205.2;29.353333;17.653333;74.041667;
83881;31/12/2002;0000;284;30.8;20.090323;76.225806;
83881;31/01/2003;0000;139.9;32.470968;19.683871;71.282258;
83881;28/02/2003;0000;251;32.021429;20.585714;78.455357;
83881;31/03/2003;0000;123.7;30.264516;19.032258;79.048387;
83881;30/04/2003;0000;143.3;28.146667;14.38;78.833333;
83881;31/05/2003;0000;19;24.193548;10.277419;80.903226;
83881;30/06/2003;0000;142.2;23.92;13.693333;85.766667;
83881;31/07/2003;0000;57.6;23.387097;10.309677;79.854839;
83881;31/08/2003;0000;59.6;23.167742;7.580645;73.467742;
83881;30/09/2003;0000;104;27.193333;12.193333;70.383333;
83881;31/10/2003;0000;264.9;29.541935;15.76129;69.604839;
83881;30/11/2003;0000;147.7;29.493333;15.733333;70.091667;
83881;31/12/2003;0000;340;29.793333;18.245161;73.814516;
83881;31/01/2004;0000;176.4;31.993548;19.470968;72.08871;
83881;29/02/2004;0000;99;30.958621;17.586207;68.62069;
83881;31/03/2004;0000;44.1;31.993548;17.167742;66.645161;
83881;30/04/2004;0000;138.5;30.073333;17.82;74.858333;
83881;31/05/2004;0000;116.1;20.696774;12.193548;86.685484;
83881;30/06/2004;0000;55;23.18;11.106667;83.841667;
83881;31/07/2004;0000;173;21.419355;10.187097;78.282258;
83881;31/08/2004;0000;35.3;24.554839;10.364516;75.540323;
83881;30/09/2004;0000;171;27.253333;14.733333;75.225;
83881;31/10/2004;0000;250.5;28.116129;14.019355;68.814516;
83881;30/11/2004;0000;131;28.746667;16.413333;69.225;
83881;31/12/2004;0000;56.2;31.735484;18.335484;65.814516;
83881;31/01/2005;0000;196.5;32.96129;20.23871;68.830645;
83881;28/02/2005;0000;48.4;33.9;20.107143;60.3125;
83881;31/03/2005;0000;53.3;32.6;18.793548;67.870968;
83881;30/04/2005;0000;267.2;26.52;16.383333;83.7;
83881;31/05/2005;0000;230.7;25.16129;14.3;83.717742;
83881;30/06/2005;0000;414.9;23.926667;14.04;87.35;
83881;31/07/2005;0000;90.5;22.193548;8.954839;79.483871;
83881;31/08/2005;0000;79.5;26.180645;11.232258;76.048387;
83881;30/09/2005;0000;188.9;22.106667;11.44;75.158333;
83881;31/10/2005;0000;291.5;27.316129;16.870968;76.967742;
83881;30/11/2005;0000;108.2;31.553333;16.906667;65.066667;
83881;31/12/2005;0000;78.3;32.258065;18.458065;65.75;
83881;31/01/2006;0000;212;33.387097;20.619355;72.685484;
83881;28/02/2006;0000;60.6;32.35;19.757143;71.785714;
83881;31/03/2006;0000;125.5;30.548387;18.954839;77.08871;
83881;30/04/2006;0000;60.8;27.44;14.406667;78.241667;
83881;31/05/2006;0000;20.4;23.103226;9.006452;79.66129;
83881;30/06/2006;0000;93.7;24.72;12.713333;80.125;
83881;31/07/2006;0000;70.2;24.722581;12.012903;78.354839;
83881;31/08/2006;0000;126.6;24.8;10.122581;71.983871;
83881;30/09/2006;0000;131.1;25.446667;11.88;69.933333;
83881;31/10/2006;0000;114.3;30.025806;17.309677;73.524194;
83881;30/11/2006;0000;193.3;29.546667;17.253333;69.7;
83881;31/12/2006;0000;188;33.058065;20.490323;70.516129;
83881;31/01/2007;0000;160;32.122581;21.141935;74.935484;
83881;28/02/2007;0000;174.8;32.364286;20.307143;74.580357;
83881;31/03/2007;0000;43.7;31.909677;20.251613;78.798387;
83881;30/04/2007;0000;241.8;28.313333;17.013333;83;
83881;31/05/2007;0000;303.9;21.374194;10.890323;83.217742;
83881;30/06/2007;0000;37.7;21.78;10.86;84.675;
83881;31/07/2007;0000;188.7;18.877419;7.819355;83.903226;
83881;31/08/2007;0000;88.9;23.651613;10.580645;76.258065;
83881;30/09/2007;0000;87.1;28.453333;15.28;71.466667;
83881;31/10/2007;0000;210.1;28.03871;17.283871;77.193548;
83881;30/11/2007;0000;286.8;29.12;15.266667;69.241667;
83881;31/12/2007;0000;133.8;32.483871;19.070968;67.887097;
83881;31/01/2008;0000;104.6;32.295652;19.503226;67.032258;
83881;29/02/2008;0000;112.2;32.255172;19.055172;67.87931;
83881;31/03/2008;0000;87;30.729032;18.219355;73.782258;
83881;30/04/2008;0000;411.3;26.853333;14.066667;77.725;
83881;31/05/2008;0000;64.9;23.445161;10.748387;82.419355;
83881;30/06/2008;0000;156.9;19.813333;9.453333;85.475;
83881;31/07/2008;0000;24.6;26.012903;11.954839;79.725806;
83881;31/08/2008;0000;104.8;25.135484;13.322581;77.983871;
83881;30/09/2008;0000;137;24.04;10.553333;74.25;
83881;31/10/2008;0000;356.5;27.141935;16.36129;77.854839;
83881;30/11/2008;0000;98.8;30.813333;17.54;68.091667;
83881;31/12/2008;0000;85.7;32.690323;17.967742;60.790323;
83881;31/01/2009;0000;126.6;31.070968;18.554839;70.919355;
83881;28/02/2009;0000;136.9;32.135714;20.828571;76.4375;
83881;31/03/2009;0000;37.7;32.741935;18.845161;71.346774;
83881;30/04/2009;0000;26.2;31.033333;15.186667;65.958333;
83881;31/05/2009;0000;239.3;25.23871;13.058065;79.556452;
83881;30/06/2009;0000;108.5;20.093333;8.44;83.991667;
83881;31/07/2009;0000;130;18.96129;8.651613;82.33871;
83881;31/08/2009;0000;221.6;25.219355;12.135484;77.370968;
83881;30/09/2009;0000;334.7;23.626667;13.546667;82.216667;
83881;31/10/2009;0000;188.9;28.535484;15.845161;76.725806;
83881;30/11/2009;0000;320.9;31.353333;20.013333;79.608333;
83881;31/12/2009;0000;202.9;31.929032;20.535484;75;
83881;31/01/2010;0000;163.6;32;21.051613;77.798387;
83881;28/02/2010;0000;159.5;33.585714;21.764286;75.392857;
83881;31/03/2010;0000;199.9;30.819355;18.329032;78.145161;
83881;30/04/2010;0000;378.6;26.826667;14.993333;80.491667;
83881;31/05/2010;0000;180.1;21.516129;12.329032;87.814516;
83881;30/06/2010;0000;76;22.486667;11.153333;85.15;
83881;31/07/2010;0000;182.2;21.877419;9.741935;84.241935;
83881;31/08/2010;0000;72;23.754839;10.109677;74.733871;
83881;30/09/2010;0000;176.2;25.513333;13.833333;74.975;
83881;31/10/2010;0000;145.4;26.664516;13.896774;69.903226;
83881;30/11/2010;0000;68.2;29.926667;15.12;66.508333;
83881;31/12/2010;0000;318.5;30.490323;18.819355;73.645161;
83881;31/01/2011;0000;109.1;32.541935;21.070968;77.225806;
83881;28/02/2011;0000;278.5;30.664286;21.371429;83.428571;
83881;31/03/2011;0000;224.8;30.232258;17.974194;77.16129;
83881;30/04/2011;0000;149.5;27.913333;15.813333;83.083333;
83881;31/05/2011;0000;85.6;23.677419;12.129032;84.169355;
83881;30/06/2011;0000;357.1;19.893333;10.093333;86.308333;
83881;31/07/2011;0000;255.5;21.387097;10.651613;84.354839;
83881;31/08/2011;0000;190.1;23.148387;11.651613;78.903226;
83881;30/09/2011;0000;132.1;26.427586;12.4;73.5;
83881;31/10/2011;0000;283.4;28.341935;15.929032;73.177419;
83881;30/11/2011;0000;86.1;29.4;16.446667;69.65;
83881;31/12/2011;0000;62.7;31.916129;17.464516;61.741935;
83881;31/01/2012;0000;90.4;33.432258;19.541935;62.701613;
83881;29/02/2012;0000;91.6;34.655172;21.137931;66.232759;
83881;31/03/2012;0000;60.8;31.754839;16.767742;65.798387;
83881;30/04/2012;0000;192.9;27;15.433333;79.3;
83881;31/05/2012;0000;33.4;25.219355;11.380645;81.983871;
83881;30/06/2012;0000;123.8;21.889655;10.731034;83.37931;
83881;31/07/2012;0000;228.1;20.806452;9.793548;82.017857;
83881;31/08/2012;0000;16.1;27.554839;14.303226;70.830645;
83881;30/09/2012;0000;72.2;28.213333;13.913333;65.025;
83881;31/10/2012;0000;281.5;28.045161;16.877419;75.741935;
83881;30/11/2012;0000;99.6;31.566667;17.886667;65.675;
83881;31/12/2012;0000;319.3;32.109677;20.858065;76.008065;
83881;31/01/2013;0000;146.6;32.606452;18.632258;65.443548;
83881;28/02/2013;0000;126.2;31.578571;19.685714;74.017857;
83881;31/03/2013;0000;316.8;27.593548;17.148387;79.483871;
83881;30/04/2013;0000;152.5;27.76;13.926667;80.783333;
83881;31/05/2013;0000;98.8;23.78;12.686667;84.016129;
83881;30/06/2013;0000;210.1;20.958621;12.82069;89.125;
83881;31/07/2013;0000;44.4;22.374194;9.670968;81.056452;
83881;31/08/2013;0000;212.9;22.206452;9.109677;79.346774;
83881;30/09/2013;0000;191.6;25.426667;12.353333;75.991667;
83881;31/10/2013;0000;157.7;27.948387;15.829032;72.040323;
83881;30/11/2013;0000;159.1;31.26;18.106667;67.766667;
83881;31/12/2013;0000;164;32.541935;19.832258;72.282258;
83881;31/01/2014;0000;194.7;32.851613;21.064516;74.016129;
83881;28/02/2014;0000;93.9;33.485714;20.678571;70.017857;
83881;31/03/2014;0000;208.2;29.606452;17.974194;80.112903;
83881;30/04/2014;0000;249.7;26.96;16.313333;81.341667;
83881;31/05/2014;0000;207.2;23.367742;13.090323;85.072581;
83881;30/06/2014;0000;555.2;21.286667;12.94;87.5;
83881;31/07/2014;0000;137.4;22.626667;11.122581;82.241935;
83881;31/08/2014;0000;77.7;25.96129;11.393548;77.129032;
83881;30/09/2014;0000;428.6;26.593333;15.88;79.633333;
83881;31/10/2014;0000;106.2;31;16.974194;70.572581;
83881;30/11/2014;0000;198.5;30.56;17.846667;71.858333;
83881;31/12/2014;0000;170.9;31.225806;20.006452;73.774194;
83881;31/01/2015;0000;98.6;;;;
83881;28/02/2015;0000;172.3;32.221429;20.2;79.348214;
83881;31/03/2015;0000;3.6;;;;
83881;30/04/2015;0000;91.2;28.530435;16.057143;81.043478;
83881;31/05/2015;0000;35.3;;;;
83881;30/11/2015;0000;18.6;;;;
83881;31/12/2015;0000;336.5;30.35;20.873333;82.461538;
