--------------------
BDMEP - INMET
--------------------
Estação           : ITACOATIARA - AM (OMM: 82336)
Latitude  (graus) : -3.13
Longitude (graus) : -58.43
Altitude  (metros): 40.00
Estação Operante
Inicio de operação: 01/01/1927
Periodo solicitado dos dados: 01/01/2000 a 01/01/2016
Os dados listados abaixo são os que encontram-se digitados no BDMEP
Hora em UTC
--------------------
Obs.: Os dados aparecem separados por ; (ponto e vírgula) no formato txt.
      Para o formato planilha XLS, siga as instruções
--------------------
Estacao;Data;Hora;PrecipitacaoTotal;TempMaximaMedia;TempMinimaMedia;UmidadeRelativaMedia;
82336;31/01/2000;0000;237.8;31.693548;21.63871;88.233871;
82336;29/02/2000;0000;464.7;31.224138;21.57931;89.25;
82336;31/03/2000;0000;453.5;31.174194;21.090323;89.193548;
82336;30/04/2000;0000;302.6;31.083333;21.18;90.6;
82336;31/05/2000;0000;388.1;31.919355;21.709677;89.798387;
82336;30/06/2000;0000;153;32.606667;21.22;86.448276;
82336;31/07/2000;0000;80.2;31.829032;20.541935;86.379032;
82336;31/08/2000;0000;33.9;33.519355;;82.5;
82336;30/09/2000;0000;169.3;33.63;22.948276;82.758621;
82336;31/10/2000;0000;65;33.96129;23.390323;84.620968;
82336;30/11/2000;0000;96;33.533333;22.946667;83.625;
82336;31/12/2000;0000;194.7;33.496774;23.203226;82.967742;
82336;31/01/2001;0000;526.8;30.4;22.248387;89.274194;
82336;28/02/2001;0000;190.8;31.114286;22.421429;88.339286;
82336;31/03/2001;0000;328.2;31.425806;22.512903;87.451613;
82336;30/04/2001;0000;296.3;31.613333;22.613333;88.133929;
82336;31/05/2001;0000;96.1;32.616129;23.409677;87.459677;
82336;30/06/2001;0000;229.9;31.016667;21.766667;88;
82336;31/07/2001;0000;126;32.383871;22.474194;86.709677;
82336;31/08/2001;0000;85.4;34.229032;22.632258;81.145161;
82336;30/09/2001;0000;124.5;34.126667;22.923333;80.075;
82336;31/10/2001;0000;48.8;35.477419;23.531034;76.791667;
82336;30/11/2001;0000;109.8;34.856667;26.626667;79.341667;
82336;31/12/2001;0000;82.2;33.170968;24.075862;84.274194;
82336;31/01/2002;0000;159.2;31.841935;22.806667;86.958333;
82336;28/02/2002;0000;320.1;31.603571;23.235714;86.964286;
82336;31/03/2002;0000;383.8;31.648387;22.816129;88.41129;
82336;30/04/2002;0000;412.1;31.94;22.962069;87.825;
82336;31/05/2002;0000;269.8;32.586667;23.548387;87.806452;
82336;30/06/2002;0000;107.2;32.84;22.576667;86.391667;
82336;31/07/2002;0000;88.3;34.337931;22.803226;82.629032;
82336;31/08/2002;0000;108.6;34.574194;22.564516;80.629032;
82336;30/09/2002;0000;23;35.66;22.85;77.433333;
82336;31/10/2002;0000;81.7;35.012903;23.293548;76.975806;
82336;30/11/2002;0000;52;34.74;22.916667;78.275;
82336;31/12/2002;0000;372.5;33.116129;23.387097;84.451613;
82336;31/01/2003;0000;209.3;33.712903;24.296774;82.58871;
82336;28/02/2003;0000;296.4;31.95;23.907143;86.964286;
82336;31/03/2003;0000;388.7;32.512903;23.725806;87.717742;
82336;30/04/2003;0000;332.9;33.155556;23.825926;86.342593;
82336;31/05/2003;0000;267;33.32;24.056667;87.008333;
82336;30/06/2003;0000;149.7;33.983333;24.06;85.116667;
82336;31/07/2003;0000;64;34.596774;23.574194;82.685484;
82336;31/08/2003;0000;75.1;34.5;23.519355;81.072581;
82336;30/09/2003;0000;118.6;34.02;23.45;82.083333;
82336;31/10/2003;0000;7.4;35.322581;;79.008065;
82336;30/11/2003;0000;67.5;34.516667;;80.6;
82336;31/12/2003;0000;154.2;33.667742;;80.701613;
82336;31/01/2004;0000;206.5;32.645161;24.270968;84.943548;
82336;29/02/2004;0000;312.2;31.575862;23.855172;86.663793;
82336;31/03/2004;0000;565.5;31.241935;23.896774;88.516129;
82336;30/04/2004;0000;249.9;32.51;23.923333;85.333333;
82336;31/05/2004;0000;387.7;32.693548;23.770968;85.612903;
82336;30/06/2004;0000;134.8;32.593333;23.5;84.475;
82336;31/07/2004;0000;39.5;33.283871;23.248387;82.225806;
82336;31/08/2004;0000;108.3;33.8;23.170968;81.370968;
82336;30/09/2004;0000;104.7;33.662069;23.637931;83.008621;
82336;31/10/2004;0000;106.1;34.206452;24.080645;80.524194;
82336;30/11/2004;0000;48.9;34.69;24.316667;80.008333;
82336;31/12/2004;0000;208.2;33.506452;23.980645;83.604839;
82336;31/01/2005;0000;122.4;33.658065;24.26;82.890625;
82336;28/02/2005;0000;305.5;31.482143;;;
82336;31/03/2005;0000;415;31.348387;;;
82336;30/04/2005;0000;281.2;31.473333;26.066667;84.483333;
82336;31/05/2005;0000;164.2;31.625806;25.712903;83.064516;
82336;30/06/2005;0000;109.5;32.066667;24.81;85.291667;
82336;31/07/2005;0000;90.7;31.954839;23.53871;86.137097;
82336;31/08/2005;0000;1.4;33.470968;23.974194;83.91129;
82336;30/09/2005;0000;37.6;34.246667;24.26;79.958333;
82336;31/10/2005;0000;56.1;34.432258;24.674194;79.66129;
82336;30/11/2005;0000;105.4;31.903846;24.056;86.278846;
82336;31/12/2005;0000;244.4;30.887097;23.290323;88.798387;
82336;31/01/2006;0000;268.5;30.787097;23.103226;89.491935;
82336;28/02/2006;0000;448.1;30.075;23.214286;89.321429;
82336;31/03/2006;0000;489.3;30.506452;23.235484;88.967742;
82336;30/04/2006;0000;367.7;30.653333;23.423333;89.083333;
82336;31/05/2006;0000;320.2;29.964516;23.377419;90.693548;
82336;30/06/2006;0000;143.4;31.666667;23.503333;87.791667;
82336;31/07/2006;0000;48.2;32.248387;23.425806;86.620968;
82336;31/08/2006;0000;;33.809677;23.448387;81.475806;
82336;30/09/2006;0000;;34.49;23.676667;77.758333;
82336;31/10/2006;0000;;34.783871;24.167742;76.491935;
82336;30/11/2006;0000;102;32.31;23.523333;83.016667;
82336;31/12/2006;0000;156.4;32.425806;24.087097;80.491935;
82336;31/01/2007;0000;560;30.919355;23.206452;86.846774;
82336;28/02/2007;0000;123.2;32.128571;23.8;82.133929;
82336;31/03/2007;0000;358.8;30.4;23.032258;89.427419;
82336;30/04/2007;0000;353.7;30.766667;23.569565;88.65;
82336;31/05/2007;0000;216.1;31.719355;23.929032;85.5;
82336;30/06/2007;0000;148.5;32.273333;23.35;82.458333;
82336;31/07/2007;0000;137.5;32.906452;23.348387;78.983871;
82336;31/08/2007;0000;77.2;32.825806;23.480645;78.830645;
82336;30/09/2007;0000;78.5;33.26;23.656667;77.308333;
82336;31/10/2007;0000;68.7;33.63871;23.780645;75.693548;
82336;30/11/2007;0000;129.7;33.886667;23.703333;76.308333;
82336;31/12/2007;0000;214.7;31.777419;23.154839;84.903226;
82336;31/01/2008;0000;467.8;29.667742;22.487097;89.354839;
82336;29/02/2008;0000;299.9;30.510345;22.813793;85.137931;
82336;31/03/2008;0000;328.3;30.116129;22.306452;88.032258;
82336;30/04/2008;0000;347.6;30.933333;22.61;85.925;
82336;31/05/2008;0000;238.4;30.825806;22.909677;87.870968;
82336;30/06/2008;0000;235.9;31.355172;23.255172;83.965517;
82336;31/07/2008;0000;113.7;32.803226;23.374194;79.129032;
82336;31/08/2008;0000;80.4;33.2;23.832258;78.782258;
82336;30/09/2008;0000;216.5;33.223333;23.61;79.016667;
82336;31/10/2008;0000;225.4;32.858065;23.822581;79.854839;
82336;30/11/2008;0000;282.2;32.54;23.803333;82.658333;
82336;31/12/2008;0000;229.5;32.129032;23.864516;83.870968;
82336;31/01/2009;0000;329.9;31.267742;23.558065;86.266129;
82336;28/02/2009;0000;530.3;30.603571;23.185714;87.303571;
82336;31/03/2009;0000;429.1;31.393548;23.322581;85.16129;
82336;30/04/2009;0000;181.4;31.546667;23.87;84.85;
82336;31/05/2009;0000;398.8;30.774194;23.577419;84.725806;
82336;30/06/2009;0000;205;31.256667;23.463333;84.475;
82336;31/07/2009;0000;74.8;32.903226;24.593548;78.919355;
82336;31/08/2009;0000;35.7;34.348387;25.319355;73.524194;
82336;30/09/2009;0000;1.4;35.863333;25.483333;66.125;
82336;31/10/2009;0000;63.9;35.964516;25.241935;68.974138;
82336;30/11/2009;0000;49.4;35.533333;25.59;66.7;
82336;31/12/2009;0000;344.9;32.535484;24.741935;80.233333;
82336;31/01/2010;0000;169.1;31.570968;24.158065;83.532258;
82336;28/02/2010;0000;172.6;31.667857;24.460714;83.598214;
82336;31/03/2010;0000;161.2;33.422581;24.858065;78.895161;
82336;30/04/2010;0000;391.5;31.724138;24.46;86.483333;
82336;31/05/2010;0000;213.9;32.5;24.919355;83.653226;
82336;30/06/2010;0000;147.5;33.08;24.4;80.35;
82336;31/07/2010;0000;116.1;33.067742;24.003226;78.508065;
82336;31/08/2010;0000;50.8;34.354839;24.451613;72.040323;
82336;30/09/2010;0000;29.1;35.02;24.786667;70.633333;
82336;31/10/2010;0000;43.2;35.170968;24.641935;71.862903;
82336;30/11/2010;0000;86.3;33.903333;24.286667;77.383333;
82336;31/12/2010;0000;361.3;32.019355;23.477419;83.419355;
82336;31/01/2011;0000;416.7;31.235484;23.380645;84.548387;
82336;28/02/2011;0000;409;30.860714;22.942857;85.571429;
82336;31/03/2011;0000;587.6;30.974194;23.222581;83.467742;
82336;30/04/2011;0000;501.7;31.19;23.15;82.458333;
82336;31/05/2011;0000;512.7;31.32;23.96129;84.403226;
82336;30/06/2011;0000;132.7;32.863333;23.993333;79.458333;
82336;31/07/2011;0000;88.9;33.245161;23.677419;75.483871;
82336;31/08/2011;0000;150.3;33.874194;23.851613;73.427419;
82336;30/09/2011;0000;53.9;33.373333;24.45;74.016667;
82336;31/10/2011;0000;217.8;32.696774;24.254839;80.091667;
82336;30/11/2011;0000;150.1;32.46;24.093333;79.008333;
82336;31/12/2011;0000;211.5;31.890323;24.374194;81.903226;
82336;31/01/2012;0000;339.4;30.048387;23.670968;85.75;
82336;29/02/2012;0000;322;29.603448;23.572414;87.491071;
82336;31/03/2012;0000;501.7;30.13871;23.825806;86.103448;
82336;30/04/2012;0000;355.8;30.703333;24.35;84.291667;
82336;31/05/2012;0000;228;31.090323;24.458065;82.5;
82336;30/06/2012;0000;107.5;31.87;24.596667;78.052083;
82336;31/07/2012;0000;214.6;31.187097;24.148387;79.663793;
82336;31/08/2012;0000;69.8;32.954839;24.341935;74.66129;
82336;30/09/2012;0000;49;33.18;24.57;73.544643;
82336;31/10/2012;0000;20.6;34.032258;25.451613;72.330645;
82336;30/11/2012;0000;155.3;33.993333;25.446667;74.086207;
82336;31/12/2012;0000;461.6;31.025806;23.854839;84.55;
82336;31/01/2013;0000;367.8;30.396774;24.216129;84.903226;
82336;28/02/2013;0000;418.4;30.182143;24.075;85.401786;
82336;31/03/2013;0000;454.8;30.212903;24.280645;85.58871;
82336;30/04/2013;0000;293.3;30.903333;24.646667;85.308333;
82336;31/05/2013;0000;195.4;31.016129;24.416129;84.330645;
82336;30/06/2013;0000;109;31.963333;25.27;79.641667;
82336;31/07/2013;0000;139.3;31.180645;24.219355;80.16129;
82336;31/08/2013;0000;127.7;31.903226;24.567742;78.475806;
82336;30/09/2013;0000;113;32.56;24.833333;77.25;
82336;31/10/2013;0000;98.9;33.929032;25.329032;73.951613;
82336;30/11/2013;0000;174.1;31.99;24.666667;80.816667;
82336;31/12/2013;0000;222.3;31.987097;24.993548;80.064516;
82336;31/01/2014;0000;150.3;31.1;24.341935;82.048387;
82336;28/02/2014;0000;474.4;30.353571;23.989286;85.383929;
82336;31/03/2014;0000;605;30.541935;24.132258;84.693548;
82336;30/04/2014;0000;337.8;31.063333;24.613333;85.2;
82336;31/05/2014;0000;259.8;31.409677;24.59;85.025;
82336;30/06/2014;0000;221.1;31.536667;25.173333;80.233333;
82336;31/07/2014;0000;114.5;31.548276;24.487097;81.681034;
82336;31/08/2014;0000;79.3;33.19;24.906667;74.658333;
82336;30/09/2014;0000;20.1;34.07;25.626667;70.591667;
82336;31/10/2014;0000;264.5;32.653333;24.696667;76.091667;
82336;30/11/2014;0000;272.3;32.511111;25.12;79.62037;
82336;31/12/2014;0000;207.8;31.709677;25.096667;82.620968;
82336;31/01/2015;0000;246.6;30.513333;24.05;85.166667;
82336;28/02/2015;0000;245.9;30.956522;24.2;81.625;
82336;31/03/2015;0000;446.9;30.463333;24.209677;88.225806;
82336;30/04/2015;0000;309.7;30.73;24.453333;88.5;
82336;31/05/2015;0000;401.9;31.235484;24.445161;86.403226;
82336;30/06/2015;0000;225;31.953333;24.8;83.433333;
82336;31/07/2015;0000;71.5;32.893333;24.890323;83.533333;
82336;31/08/2015;0000;36.2;33.796774;24.983871;81.548387;
82336;30/09/2015;0000;3.9;35.566667;;78.133333;
82336;31/10/2015;0000;110.6;35.487097;25.386207;77.806452;
82336;30/11/2015;0000;52.8;34.68;25.266667;79.6;
82336;31/12/2015;0000;88.9;34.190323;25.183871;78.096774;
