--------------------
BDMEP - INMET
--------------------
Estação           : IVAI - PR (OMM: 83811)
Latitude  (graus) : -25
Longitude (graus) : -50.86
Altitude  (metros): 808.00
Estação Operante
Inicio de operação: 01/01/1912
Periodo solicitado dos dados: 01/01/2000 a 01/01/2016
Os dados listados abaixo são os que encontram-se digitados no BDMEP
Hora em UTC
--------------------
Obs.: Os dados aparecem separados por ; (ponto e vírgula) no formato txt.
      Para o formato planilha XLS, siga as instruções
--------------------
Estacao;Data;Hora;PrecipitacaoTotal;TempMaximaMedia;TempMinimaMedia;UmidadeRelativaMedia;
83811;30/09/2001;0000;84.4;;;;
83811;31/10/2001;0000;147.3;26.244444;13.843333;75.557692;
83811;30/11/2001;0000;159.8;27.713793;16.783333;80.525862;
83811;31/12/2001;0000;139.3;27.744;15.808;79.771739;
83811;31/01/2002;0000;343.6;28.309677;16.977419;77.3;
83811;28/02/2002;0000;63.8;27.889286;16.2;79.990385;
83811;31/03/2002;0000;52.4;30.493548;18.054839;80.580645;
83811;30/04/2002;0000;33.3;29.733333;16.913333;79.146552;
83811;31/05/2002;0000;211.7;23.112903;13.470968;86.637097;
83811;30/06/2002;0000;11.8;23.943333;12.426667;83.458333;
83811;31/07/2002;0000;59.4;21.258065;8.583871;80.580645;
83811;31/08/2002;0000;97.8;24.674194;11.874194;77.112903;
83811;30/09/2002;0000;187.4;24.22;10.52;73.291667;
83811;31/10/2002;0000;137.6;28.03871;16.496774;77.274194;
83811;30/11/2002;0000;183.3;27.376667;16.283333;77.725;
83811;31/12/2002;0000;148.2;28.835484;17.845161;79.064516;
83811;31/01/2003;0000;223.1;28.545161;18.387097;82.556452;
83811;28/02/2003;0000;178.6;29.667857;18.521429;82.428571;
83811;31/03/2003;0000;184.3;28.412903;16.451613;80.112903;
83811;30/04/2003;0000;89.2;26.686667;13.173333;78.7;
83811;31/05/2003;0000;54.2;23.264516;8.8;75.233871;
83811;30/06/2003;0000;85.1;23.58;11.576667;83.741667;
83811;31/07/2003;0000;136.7;21.548387;9.906452;82.322581;
83811;31/08/2003;0000;25.1;21.812903;6.987097;71.701613;
83811;30/09/2003;0000;133.6;25.553333;10.78;72.191667;
83811;31/10/2003;0000;243.3;26.541935;13.548387;74.508065;
83811;30/11/2003;0000;170.6;27.593333;14.586667;73.141667;
83811;31/12/2003;0000;177.7;28.187097;16.919355;79.217742;
83811;31/01/2004;0000;182.1;29.129032;16.967742;77.967742;
83811;29/02/2004;0000;110;28.868966;16.565517;76.543103;
83811;31/03/2004;0000;120.9;28.387097;15.358065;76.822581;
83811;30/04/2004;0000;108.1;26.586667;15.93;83.141667;
83811;31/05/2004;0000;260;19.025806;10.416129;89.056452;
83811;30/06/2004;0000;140.5;20.873333;9.596667;85.216667;
83811;31/07/2004;0000;138.9;19.748387;9.741935;86.467742;
83811;31/08/2004;0000;18.9;24.954839;8.619355;71.758065;
83811;30/09/2004;0000;53.9;27.806667;13.87;70.05;
83811;31/10/2004;0000;267.4;25.612903;12.887097;76.177419;
83811;30/11/2004;0000;170;26.786667;15.2;75.266667;
83811;31/12/2004;0000;69;28.296774;16.274194;75.451613;
83811;31/01/2005;0000;154.1;27.870968;18.248387;83.08871;
83811;28/02/2005;0000;30;29.864286;17.039286;72.669643;
83811;31/03/2005;0000;53.6;29.864516;16.33871;73.879032;
83811;30/04/2005;0000;82.2;27.206667;16.156667;81.433333;
83811;31/05/2005;0000;121.1;24.851613;12.093548;79.241935;
83811;30/06/2005;0000;111.6;22.64;12.54;86.091667;
83811;31/07/2005;0000;69.9;21.232258;8.467742;80.725806;
83811;31/08/2005;0000;88.4;25.341935;10.780645;71.766129;
83811;30/09/2005;0000;303.3;21.293333;11.693333;82.433333;
83811;31/10/2005;0000;334.5;26.096774;16.070968;84.491935;
83811;30/11/2005;0000;161.5;27.84;14.87;72.991667;
83811;31/12/2005;0000;70.4;28.796774;16.554839;74.25;
83811;31/01/2006;0000;188.9;30.403226;18.170968;77.217742;
83811;28/02/2006;0000;87.1;28.814286;17.882143;79.642857;
83811;31/03/2006;0000;168.2;28.832258;17.554839;81.685484;
83811;30/04/2006;0000;40.6;25.85;12.87;77.55;
83811;31/05/2006;0000;7;22.335484;8.490323;78.137097;
83811;30/06/2006;0000;40.6;23.343333;10.32;78.258333;
83811;31/07/2006;0000;77.6;23.674194;10.432258;73.580645;
83811;31/08/2006;0000;83.3;24.222581;10.36129;67.040323;
83811;30/09/2006;0000;277.4;23.153333;10.773333;74.283333;
83811;31/10/2006;0000;135.7;27.509677;15.967742;75.387097;
83811;30/11/2006;0000;166.8;27.456667;16.5;76.116667;
83811;31/12/2006;0000;145.4;29.3;18.53871;78.096774;
83811;31/01/2007;0000;225.6;29.003226;19.106452;81.637097;
83811;28/02/2007;0000;131.1;29.314286;18.457143;78.276786;
83811;31/03/2007;0000;80;29.734483;17.889655;77.725806;
83811;30/04/2007;0000;126.4;27.5;15.623333;79.408333;
83811;31/05/2007;0000;248.1;21.719355;10.619355;82.467742;
83811;30/06/2007;0000;4.1;23.866667;10.13;75.116667;
83811;31/07/2007;0000;165.8;20.767742;8.103226;76.604839;
83811;31/08/2007;0000;18.3;24.616129;10.716129;72.072581;
83811;30/09/2007;0000;42.5;28.346667;13.726667;66.866667;
83811;31/10/2007;0000;61.9;28.135484;15.348387;74.290323;
83811;30/11/2007;0000;287.7;27.85;14.963333;71.9;
83811;31/12/2007;0000;257.3;29.358065;16.925806;75.967742;
83811;31/01/2008;0000;158.7;26.9;17.512903;81.274194;
83811;29/02/2008;0000;111.7;28.706897;17.113793;79.534483;
83811;31/03/2008;0000;88.6;27.774194;16.535484;79.991935;
83811;30/04/2008;0000;204.5;25.136667;13.81;82.183333;
83811;31/05/2008;0000;96.4;22.554839;10.370968;80.870968;
83811;30/06/2008;0000;141.2;19.713333;8.623333;86.091667;
83811;31/07/2008;0000;83.4;23.845161;9.793548;79.475806;
83811;31/08/2008;0000;190;23.441935;11.63871;76.991935;
83811;30/09/2008;0000;69;24.24;10.483333;71.891667;
83811;31/10/2008;0000;241.7;25.380645;15.729032;81.274194;
83811;30/11/2008;0000;70.7;27.543333;15.846667;72.733333;
83811;31/12/2008;0000;47.2;30.141935;16.051613;65.33871;
83811;31/01/2009;0000;170.8;27.93871;17.4;78.314516;
83811;28/02/2009;0000;169.1;29.2;18.585714;80.580357;
83811;31/03/2009;0000;36.6;30;16.970968;75.580645;
83811;30/04/2009;0000;16.6;27.776667;14.353333;75.058333;
83811;31/05/2009;0000;136.8;23.06129;12.025806;84.58871;
83811;30/06/2009;0000;121.6;19.336667;7.78;84.766667;
83811;31/07/2009;0000;297.3;19.293548;10.012903;87.766129;
83811;31/08/2009;0000;141.8;23.045161;10.26129;78.072581;
83811;30/09/2009;0000;284.2;24.226667;14.64;83.016667;
83811;31/10/2009;0000;242.1;26.264516;15.135484;80.677419;
83811;30/11/2009;0000;208.2;29.96;18.816667;78.775;
83811;31/12/2009;0000;262.5;28.735484;18.383871;80.951613;
83811;31/01/2010;0000;272.7;28.435484;19.109677;83.427419;
83811;28/02/2010;0000;105.5;29.071429;19.457143;81.348214;
83811;31/03/2010;0000;149.4;28.164516;17.032258;79.604839;
83811;30/04/2010;0000;199.2;25.42;14.203333;80.075;
83811;31/05/2010;0000;78.2;21.329032;11.319355;86.459677;
83811;30/06/2010;0000;71.3;21.323333;9.633333;82.833333;
83811;31/07/2010;0000;126.6;22.048387;10.63871;82.669355;
83811;31/08/2010;0000;39;23.383871;9.080645;72.983871;
83811;30/09/2010;0000;73.5;25.973333;12.68;72.341667;
83811;31/10/2010;0000;216;24.587097;12.906452;74.548387;
83811;30/11/2010;0000;76.6;28.253333;14.686667;68.675;
83811;31/12/2010;0000;192.6;27.358065;17.53871;81.612903;
83811;31/01/2011;0000;154.5;29.790323;18.912903;81.306452;
83811;28/02/2011;0000;204.1;28.771429;19.085714;84.098214;
83811;31/03/2011;0000;90.3;27.193548;17.274194;79.322581;
83811;30/04/2011;0000;57.5;25.74;14.816667;81.933333;
83811;31/05/2011;0000;29.3;22.929032;10.63871;81.491935;
83811;30/06/2011;0000;158;20.676667;7.27;81.65;
83811;31/07/2011;0000;143.8;22.216129;10.203226;79.717742;
83811;31/08/2011;0000;421.6;22.606452;10.587097;78.120968;
83811;30/09/2011;0000;64.9;25.046667;11.013333;73.25;
83811;31/10/2011;0000;266;26.258065;14.806452;75.233871;
83811;30/11/2011;0000;89.3;27.483333;14.393333;70.608333;
83811;31/12/2011;0000;95;29.312903;16.264516;69.379032;
83811;31/01/2012;0000;189.6;28.848387;16.664516;76.459677;
83811;29/02/2012;0000;119.8;31.131034;18.041379;74.336207;
83811;31/03/2012;0000;59.5;29.048387;15.335484;71.701613;
83811;30/04/2012;0000;241;26.16;13.96;80.025;
83811;31/05/2012;0000;59.5;22.506452;11.619355;83.830645;
83811;30/06/2012;0000;281.6;20.006897;10.973333;89.733333;
83811;31/07/2012;0000;79.7;20.263333;9.716129;83.475806;
83811;31/08/2012;0000;3.5;25.548387;11.722581;73.137097;
83811;30/09/2012;0000;52.3;27.023333;11.953333;66.991667;
83811;31/10/2012;0000;151.7;27.606452;15.43871;73.298387;
83811;30/11/2012;0000;99.6;27.906667;16.18;73.291667;
83811;31/12/2012;0000;198.6;29.670968;19.23871;80.048387;
83811;31/01/2013;0000;166.2;27.9;16.63871;76.790323;
83811;28/02/2013;0000;321;27.657143;18.407143;83.625;
83811;31/03/2013;0000;160.1;25.567742;16.687097;83;
83811;30/04/2013;0000;153.5;25.443333;13.3;78.758333;
83811;31/05/2013;0000;107.5;22.722581;11.996774;83.967742;
83811;30/06/2013;0000;422.4;20.336667;11.19;90.733333;
83811;31/07/2013;0000;120.1;20.945161;8.13871;83.580645;
83811;31/08/2013;0000;30;23.912903;8.816129;72.314516;
83811;30/09/2013;0000;141.8;24.763333;11.77;74.291667;
83811;31/10/2013;0000;203.1;26.593548;14.090323;72.379032;
83811;30/11/2013;0000;111.1;27.366667;16.103333;73.716667;
83811;31/12/2013;0000;104.3;29.477419;17.425806;73.991935;
83811;31/01/2014;0000;234.2;29.670968;18.383871;79.766129;
83811;28/02/2014;0000;116.3;29.735714;18.682143;74.366071;
83811;31/03/2014;0000;147.7;27.645161;17.203226;79.612903;
83811;30/04/2014;0000;88.3;25.063333;15.803333;82.691667;
83811;31/05/2014;0000;158.7;21.206452;11.929032;87.403226;
83811;30/06/2014;0000;283.6;21.366667;11.403333;86.475;
83811;31/07/2014;0000;83.2;20.845161;9.419355;83;
83811;31/08/2014;0000;66.7;23.706452;10.183871;77.209677;
83811;30/09/2014;0000;301.5;24.693333;14.036667;78.016667;
83811;31/10/2014;0000;62.1;28.63871;15.419355;69.540323;
83811;30/11/2014;0000;145;27.93;16.553333;75.216667;
83811;31/12/2014;0000;184.6;27.487097;17.919355;79.266129;
83811;31/01/2015;0000;278.9;29.864516;18.858065;78.080645;
83811;28/02/2015;0000;218.8;28.05;18.075;82.410714;
83811;31/03/2015;0000;114.5;28.064516;17.506452;79.516129;
83811;30/04/2015;0000;93.5;26.193333;15.1;78.466667;
83811;31/05/2015;0000;194.1;21.819355;12.703226;85.435484;
83811;30/06/2015;0000;82.3;21.033333;10.486667;84.633333;
83811;31/07/2015;0000;403.8;20.106452;11.006452;86.532258;
83811;31/08/2015;0000;54;25.574194;12.074194;73.887097;
83811;30/09/2015;0000;195.5;25.946667;14.433333;75.408333;
83811;31/10/2015;0000;220.8;26.725806;16.816129;80.790323;
83811;30/11/2015;0000;218.9;25.586667;17.406667;85.883333;
83811;31/12/2015;0000;199.8;27.229032;19.022581;84.58871;
