--------------------
BDMEP - INMET
--------------------
Estação           : ARINOS - MG (OMM: 83384)
Latitude  (graus) : -15.91
Longitude (graus) : -46.1
Altitude  (metros): 519.00
Estação Operante
Inicio de operação: 05/04/1976
Periodo solicitado dos dados: 01/01/2000 a 01/01/2016
Os dados listados abaixo são os que encontram-se digitados no BDMEP
Hora em UTC
--------------------
Obs.: Os dados aparecem separados por ; (ponto e vírgula) no formato txt.
      Para o formato planilha XLS, siga as instruções
--------------------
Estacao;Data;Hora;PrecipitacaoTotal;TempMaximaMedia;TempMinimaMedia;UmidadeRelativaMedia;
83384;31/01/2000;0000;120.6;31.841935;21.477419;72.83871;
83384;29/02/2000;0000;142.3;32.075862;21.393103;72.655172;
83384;31/03/2000;0000;213.9;31.325806;21.303226;74.540323;
83384;30/04/2000;0000;12.2;31.883333;19.886667;67.091667;
83384;31/05/2000;0000;0;31.5;15.958065;62.524194;
83384;30/06/2000;0000;0;30.663333;13.916667;62.075;
83384;31/07/2000;0000;0.6;30.874194;15.003226;55.314516;
83384;30/09/2000;0000;26.4;33.186667;20.133333;51.541667;
83384;31/10/2000;0000;75.8;35.970968;21.083871;48.048387;
83384;30/11/2000;0000;248;31.073333;21.013333;73.875;
83384;31/12/2000;0000;246.1;31.322581;21.574194;78.733871;
83384;31/01/2001;0000;18.5;33.474194;21.03871;63.282258;
83384;28/02/2001;0000;93.2;35.235714;20.907143;60.053571;
83384;31/03/2001;0000;101.7;32.048387;20.954839;74.709677;
83384;30/04/2001;0000;1.7;33.04;19.586667;61.116667;
83384;31/05/2001;0000;46;32.722581;18.767742;63.564516;
83384;30/06/2001;0000;0;31.18;16.266667;58.083333;
83384;31/07/2001;0000;0.1;31.835484;15.496774;52.983871;
83384;31/08/2001;0000;2.8;31.622581;16.780645;46.741935;
83384;30/09/2001;0000;11.5;34.046667;20.146667;47.316667;
83384;31/10/2001;0000;122.1;32.235484;20.645161;63.33871;
83384;30/11/2001;0000;254.2;31.546667;21.473333;76.666667;
83384;31/12/2001;0000;166.2;31.348387;21.316129;72.58871;
83384;31/01/2002;0000;191.3;32.667742;21.690323;73.080645;
83384;28/02/2002;0000;279.3;32.071429;21.464286;76.723214;
83384;31/03/2002;0000;91.2;32.880645;21.129032;69.5;
83384;30/04/2002;0000;0;33.566667;20.19;63.825;
83384;31/05/2002;0000;24;32.4;17.645161;65.775;
83384;30/06/2002;0000;0;31.013333;15.88;63.741667;
83384;31/07/2002;0000;1;32.319355;16.948387;58.572581;
83384;31/08/2002;0000;0;33.38;17.174194;49.35;
83384;30/09/2002;0000;35.5;33.793333;19.393333;52.525;
83384;31/10/2002;0000;2.9;37.222581;20.767742;40.830645;
83384;30/11/2002;0000;233;33.8;21.433333;62.666667;
83384;31/12/2002;0000;413.4;32.370968;21.825806;74.475806;
83384;31/01/2003;0000;314.7;31.725806;21.716129;81.790323;
83384;28/02/2003;0000;50.7;33.385714;21.35;70.071429;
83384;31/03/2003;0000;252.5;32.251613;21.251613;76.741935;
83384;30/04/2003;0000;13;32.573333;20.964286;70.6;
83384;31/05/2003;0000;52.2;30.590323;17.593548;69.596774;
83384;30/06/2003;0000;0;30.81;14.493333;64.441667;
83384;31/07/2003;0000;0;30.287097;14.03871;59.862903;
83384;31/08/2003;0000;17.6;32.467742;17.270968;57.967742;
83384;30/09/2003;0000;0;34.44;19.113333;49.3;
83384;31/10/2003;0000;3.9;34.951613;19.845161;54.91129;
83384;30/11/2003;0000;147.7;33.186667;20.176667;69.458333;
83384;31/12/2003;0000;181.7;33.66129;21.122581;68.233871;
83384;31/01/2004;0000;451;30.377419;21.167742;83.153226;
83384;29/02/2004;0000;259.6;29.92069;20.275862;82.853448;
83384;31/03/2004;0000;258.6;31.345161;20.245161;77.443548;
83384;30/04/2004;0000;94.7;30.793333;19.46;78.45;
83384;31/05/2004;0000;0;31.441935;18.56129;72.5;
83384;30/06/2004;0000;3.5;29.453333;15.226667;68.7;
83384;31/07/2004;0000;0.5;28.858065;15.135484;61.967742;
83384;31/08/2004;0000;0;31.922581;15.606452;49.145161;
83384;30/09/2004;0000;0;34.866667;17.76;39.85;
83384;31/10/2004;0000;38.9;35.454839;21.974194;49.935484;
83384;30/11/2004;0000;94.5;34.026667;22.213333;60.358333;
83384;31/12/2004;0000;328.8;31.758065;21.412903;76.387097;
83384;31/01/2005;0000;309.8;32.319355;22.335484;79.451613;
83384;28/02/2005;0000;135.3;32.721429;22.178571;73.517857;
83384;31/03/2005;0000;236.6;32.235484;22.167742;80.145161;
83384;30/04/2005;0000;11.6;32.806667;21.213333;68.166667;
83384;31/05/2005;0000;11.6;30.706452;18.277419;66.08871;
83384;30/06/2005;0000;0;29.806667;17.433333;64.766667;
83384;31/07/2005;0000;0;30.235484;15.045161;56.927419;
83384;31/08/2005;0000;0;32.66129;16.535484;46.983871;
83384;30/09/2005;0000;25.4;34.766667;19.753333;45.583333;
83384;31/10/2005;0000;7.2;37.693548;21.445161;36.25;
83384;30/11/2005;0000;311.3;30.786667;21.126667;73.941667;
83384;31/12/2005;0000;338.5;30.532258;20.103226;76.048387;
83384;31/01/2006;0000;76.6;33.558065;17.916129;61.435484;
83384;28/02/2006;0000;86.7;34.285714;21.942857;65.375;
83384;31/03/2006;0000;298.8;32.183871;21.806452;76.612903;
83384;30/04/2006;0000;121.2;31.453333;20.34;71.183333;
83384;31/05/2006;0000;0.9;30.564516;16.374194;65.193548;
83384;30/06/2006;0000;0;29.24;14.586667;62.408333;
83384;31/07/2006;0000;0;30.280645;14.548387;60.540323;
83384;31/08/2006;0000;14;33.035484;17.180645;50.677419;
83384;30/09/2006;0000;38.4;33.586667;18.766667;51.6;
83384;31/10/2006;0000;184.9;31.46129;20.948387;71.959677;
83384;30/11/2006;0000;270.8;31.506667;21.4;74.141667;
83384;31/12/2006;0000;351.7;32.132258;22.064516;75.225806;
83384;31/01/2007;0000;187.1;32.793548;22.56129;71.185484;
83384;28/02/2007;0000;320.1;31.121429;21.942857;76.026786;
83384;31/03/2007;0000;26;33.770968;21.374194;60.879032;
83384;30/04/2007;0000;102.1;32.773333;20.513333;62.325;
83384;31/05/2007;0000;15.1;31.925806;17.535484;60.701613;
83384;30/06/2007;0000;0;30.786667;14.946667;56.425;
83384;31/07/2007;0000;0;31.577419;15.490323;54.241935;
83384;31/08/2007;0000;0;31.654839;15.516129;42.314516;
83384;30/09/2007;0000;0;34.533333;18.44;38.275;
83384;31/10/2007;0000;4.8;36.641935;21.606452;36.5;
83384;30/11/2007;0000;64.8;35.293333;22.92;55.008333;
83384;31/12/2007;0000;186.1;32.383871;21.6;68.41129;
83384;31/01/2008;0000;303.7;32.293548;21.748387;68.225806;
83384;29/02/2008;0000;63.5;32.189655;21.944828;68.862069;
83384;31/03/2008;0000;185.4;31.5;21.367742;74.556452;
83384;30/04/2008;0000;93;32.42;20.806667;71.375;
83384;31/05/2008;0000;0;31.287097;16.632258;60.91129;
83384;30/06/2008;0000;0;30.706667;14.966667;60.316667;
83384;31/07/2008;0000;0;30.319355;12.96129;51.669355;
83384;31/08/2008;0000;0;33.312903;15.554839;41.966667;
83384;30/09/2008;0000;24.3;35.46;18.606667;44.324074;
83384;31/10/2008;0000;0;37.519355;21.612903;37.685484;
83384;30/11/2008;0000;287.4;32.023333;21.68;70.075;
83384;31/12/2008;0000;307.3;31.254839;21.406452;75.548387;
83384;31/01/2009;0000;174.7;32.33871;21.574194;73.032258;
83384;28/02/2009;0000;114;32.978571;21.4;69.25;
83384;31/03/2009;0000;86.4;33.854839;21.245161;69;
83384;30/04/2009;0000;130.3;30.223333;20.613333;78.775;
83384;31/05/2009;0000;18.9;29.406452;17.23871;72.959677;
83384;30/06/2009;0000;10.3;29.86;16.18;70.183333;
83384;31/07/2009;0000;0;31.980645;15.122581;58.153226;
83384;31/08/2009;0000;28.7;31.93871;16.658065;54.080645;
83384;30/09/2009;0000;31.5;35.333333;20.58;51.866667;
83384;31/10/2009;0000;146.2;33.551613;21.812903;69.895161;
83384;30/11/2009;0000;129.8;33.653333;21.346667;66.466667;
83384;31/12/2009;0000;324.1;31.332258;21.077419;76.766129;
83384;31/01/2010;0000;56.7;33.548387;21.432258;65.604839;
83384;28/02/2010;0000;33.5;34.907143;21.757143;61.830357;
83384;31/03/2010;0000;204;33.074194;21.490323;74.959677;
83384;30/04/2010;0000;78.1;32.26;19.2;66.175;
83384;31/05/2010;0000;32.5;32.370968;18.529032;66;
83384;30/06/2010;0000;0;30.666667;13.846667;59.841667;
83384;31/07/2010;0000;0;30.864516;15.593548;51.91129;
83384;31/08/2010;0000;0;32.203226;14.277419;44.459677;
83384;30/09/2010;0000;5.8;34.833333;17.946667;40.133333;
83384;31/10/2010;0000;92.9;35.732258;21.92;54.362903;
83384;30/11/2010;0000;304;30.833333;20.74;77.766667;
83384;31/12/2010;0000;356.7;32.829032;21.387097;73.596774;
83384;31/01/2011;0000;245.9;32.1;21.380645;71.177419;
83384;28/02/2011;0000;59.3;33.885714;21.192857;62.785714;
83384;31/03/2011;0000;295;31.693548;21.225806;79.419355;
83384;30/04/2011;0000;57.5;31.406667;19.633333;69.3;
83384;31/05/2011;0000;1.7;30.33871;16.986667;65.225806;
83384;30/06/2011;0000;0;30.746667;15.233333;60.466667;
83384;31/07/2011;0000;0;30.945161;13.903226;56.725806;
83384;31/08/2011;0000;0;33.958065;15.554839;47.266129;
83384;30/09/2011;0000;1.1;35.003333;16.993333;40.766667;
83384;31/10/2011;0000;88.4;32.129032;20.580645;66.701613;
83384;30/11/2011;0000;203.2;30.746667;20.641379;72.083333;
83384;31/12/2011;0000;210.3;30.570968;21.106667;78.032258;
83384;31/01/2012;0000;174.6;31.125806;20.845161;74.241935;
83384;29/02/2012;0000;22.6;32.658621;20.910345;65.465517;
83384;31/03/2012;0000;69.7;32.958065;21.025806;65.653226;
83384;30/04/2012;0000;0;34.103333;20.553333;61.283333;
83384;31/05/2012;0000;5.5;30.583871;18.451613;64.701613;
83384;30/06/2012;0000;0;32.52;17.542857;57.808333;
83384;31/07/2012;0000;0;31.790323;15.206452;49.927419;
83384;31/08/2012;0000;0;31.712903;16.43871;43.806452;
83384;30/09/2012;0000;2;35.453333;19;40.033333;
83384;31/10/2012;0000;7.2;36.635484;19.834483;41.193548;
83384;30/11/2012;0000;282.6;31.49;19.3;76.891667;
83384;31/12/2012;0000;32.2;35.183871;19.348387;59.548387;
83384;31/01/2013;0000;292.7;31.480645;18.006452;76.862903;
83384;28/02/2013;0000;86.5;33.55;21.096296;64.919643;
83384;31/03/2013;0000;209.9;33.183871;21.922581;72.459677;
83384;30/04/2013;0000;48.6;30.813333;19.9;74.875;
83384;31/05/2013;0000;11.4;31.13871;17.625806;65.419355;
83384;30/06/2013;0000;26.7;30.526667;17.233333;66.491667;
83384;31/07/2013;0000;2.4;31.345161;16.064516;56.548387;
83384;31/08/2013;0000;0;32.429032;16.335484;46.282258;
83384;30/09/2013;0000;20.3;34.246667;19.74;48.425;
83384;31/10/2013;0000;62.1;32.790323;20.445161;57.814516;
83384;30/11/2013;0000;87.5;33.3;21.166667;62.658333;
83384;31/12/2013;0000;402.7;31.5;21.516129;77.814516;
83384;31/01/2014;0000;67.1;32.745161;21.077419;62.16129;
83384;28/02/2014;0000;53.6;32.521429;21.1;63.508929;
83384;31/03/2014;0000;107.4;32.570968;21.290323;72.870968;
83384;30/04/2014;0000;26.6;32.433333;21.555556;68.55;
83384;31/05/2014;0000;0;31.970968;17.412903;59.5;
83384;30/06/2014;0000;7;30.72;16.66;61.533333;
83384;31/07/2014;0000;0;30.693548;15.625806;56.209677;
83384;31/08/2014;0000;0;32.932258;15.645161;44.798387;
83384;30/09/2014;0000;0;35.563333;19.306667;38.058333;
83384;31/10/2014;0000;17.8;35.596774;20.870968;43.427419;
83384;30/11/2014;0000;94.4;33.733333;21.746667;64.608333;
83384;31/12/2014;0000;334.2;31.616129;21.141935;72.854839;
83384;31/01/2015;0000;12.3;35.235484;21.741935;53.556452;
83384;28/02/2015;0000;157;32.057143;21.3;68.107143;
83384;31/03/2015;0000;104.9;31.506452;21.167742;76.298387;
83384;30/04/2015;0000;46.1;32.18;21.506667;73.016667;
83384;31/05/2015;0000;3.8;29.906452;18.606452;69.580645;
83384;30/06/2015;0000;0;30.786667;16.34;59.691667;
83384;31/07/2015;0000;0;31.454839;16.896774;53.677419;
83384;31/08/2015;0000;0;33.022581;16.303226;44.379032;
83384;30/09/2015;0000;2.7;37.526667;19.746667;38.533333;
83384;31/10/2015;0000;51.4;38.183871;20.954839;40.564516;
83384;30/11/2015;0000;167.9;36.14;22.333333;54.225;
83384;31/12/2015;0000;45.4;35.732258;22.367742;57.346774;
