--------------------
BDMEP - INMET
--------------------
Estação           : BALSAS - MA (OMM: 82768)
Latitude  (graus) : -7.53
Longitude (graus) : -46.03
Altitude  (metros): 259.38
Estação Operante
Inicio de operação: 14/08/1976
Periodo solicitado dos dados: 01/01/2000 a 01/01/2016
Os dados listados abaixo são os que encontram-se digitados no BDMEP
Hora em UTC
--------------------
Obs.: Os dados aparecem separados por ; (ponto e vírgula) no formato txt.
      Para o formato planilha XLS, siga as instruções
--------------------
Estacao;Data;Hora;PrecipitacaoTotal;TempMaximaMedia;TempMinimaMedia;UmidadeRelativaMedia;
82768;31/01/2000;0000;220.9;29.922581;22.283871;82.966667;
82768;29/02/2000;0000;258.9;29.848276;22.296552;83.939655;
82768;31/03/2000;0000;221.7;30.329032;22.577419;81.75;
82768;30/04/2000;0000;127;30.76;22.313333;80.808333;
82768;31/05/2000;0000;61.3;31.941935;21.522581;71.814516;
82768;30/06/2000;0000;0.7;32.25;20.586667;63.4;
82768;31/07/2000;0000;7.7;32.780645;19.954839;58.427419;
82768;31/08/2000;0000;0.2;34.490323;20.745161;52.741935;
82768;30/09/2000;0000;13.8;34.393333;22.846667;55.416667;
82768;31/10/2000;0000;81.8;34.032258;22.970968;61.887097;
82768;30/11/2000;0000;114.5;33.006667;22.46;76.491667;
82768;31/12/2000;0000;317;30.767742;22.180645;81.75;
82768;31/01/2001;0000;98;31.53871;22.174194;76.322581;
82768;28/02/2001;0000;341.3;31.335714;21.75;80.633929;
82768;31/03/2001;0000;205.9;31.383871;22.016129;83.508065;
82768;30/04/2001;0000;38;31.923333;21.913333;78.5;
82768;31/05/2001;0000;37.9;33.274194;22.019355;74.064516;
82768;30/06/2001;0000;0.2;33.33;20.683333;64.441667;
82768;31/07/2001;0000;2.4;33.896774;19.583871;57.451613;
82768;31/08/2001;0000;0;34.819355;19.164516;44.443548;
82768;30/09/2001;0000;10.1;35.3;22.126667;50.508621;
82768;31/10/2001;0000;63.9;33.76129;22.719355;64.508065;
82768;30/11/2001;0000;159;32.35;22.176667;72.641667;
82768;31/12/2001;0000;176.8;32.077419;22.625806;76.975806;
82768;31/01/2002;0000;417.9;30.580645;22.196774;83.572581;
82768;28/02/2002;0000;87.3;32.45;23.085714;74.714286;
82768;31/03/2002;0000;263.6;31.8;22.377419;79.330645;
82768;30/04/2002;0000;125;31.89;22.327586;77.716667;
82768;31/05/2002;0000;29.8;32.688889;22.421429;71.564516;
82768;30/06/2002;0000;8.8;33.29;20.606667;60.508333;
82768;31/07/2002;0000;0.4;34.53871;20.377419;54.104839;
82768;31/08/2002;0000;0;35.625806;20.325806;46.419355;
82768;30/09/2002;0000;13.2;35.19;22.482759;57.483333;
82768;31/10/2002;0000;17.7;35.793548;23.53871;56.967742;
82768;30/11/2002;0000;181.7;33.75;22.426667;67.783333;
82768;31/12/2002;0000;279.6;30.735484;22.151613;82.072581;
82768;31/01/2003;0000;194.8;31.612903;22.4;80.806452;
82768;28/02/2003;0000;268.9;31.075;22.035714;81.758929;
82768;31/03/2003;0000;116.5;31.545161;22.274194;81.983871;
82768;30/04/2003;0000;74.2;32.8;22.496667;75.558333;
82768;31/05/2003;0000;112.8;33.016129;22.258065;71.540323;
82768;30/06/2003;0000;0;33.553333;20.093333;61.958333;
82768;31/07/2003;0000;0;33.954839;18.519355;52.33871;
82768;31/08/2003;0000;8.6;34.913333;20.445161;52.991935;
82768;30/09/2003;0000;4.6;35.466667;22.336667;50.808333;
82768;31/10/2003;0000;52.2;35.264516;23.141935;58.508065;
82768;30/11/2003;0000;71;32.92;22.8;71.15;
82768;31/12/2003;0000;190.3;31.977419;21.932258;80.016129;
82768;31/01/2004;0000;570.1;30.935484;22.312903;83.564516;
82768;29/02/2004;0000;393.8;31.465517;21.92069;83.077586;
82768;31/03/2004;0000;147.9;32.470968;22.229032;76.806452;
82768;30/04/2004;0000;28.6;33.276667;22.286667;73.116667;
82768;31/05/2004;0000;1.3;34.33871;21.393548;69.193548;
82768;30/06/2004;0000;0;33.593333;19.926667;63.541667;
82768;31/07/2004;0000;0;;;;
82768;31/08/2004;0000;8.8;35.335484;20.06129;57.137097;
82768;30/09/2004;0000;13;36.606667;22.006667;53.858333;
82768;31/10/2004;0000;165.9;34.270968;22.112903;75.274194;
82768;30/11/2004;0000;61.2;33.79;22.03;79.858333;
82768;31/12/2004;0000;91.9;32.987097;21.435484;81.419355;
82768;31/01/2005;0000;220.5;32.609677;21.312903;82.862903;
82768;28/02/2005;0000;235.3;32.157143;21.578571;84.732143;
82768;31/03/2005;0000;304;32.374194;21.474194;86;
82768;30/04/2005;0000;41.7;33.433333;21.846667;73.075;
82768;31/05/2005;0000;15.2;32.793548;21.229032;69.5;
82768;30/06/2005;0000;0;33.39;19.98;62.516667;
82768;31/07/2005;0000;0;;;;
82768;31/08/2005;0000;0;35.519355;19.248387;55.887097;
82768;30/09/2005;0000;9.4;36.35;21.173333;57.333333;
82768;31/10/2005;0000;9.7;36.151613;23.012903;60.701613;
82768;30/11/2005;0000;127.6;34.113333;22.303333;74.291667;
82768;31/12/2005;0000;89.5;32.264516;21.26129;78.927419;
82768;31/01/2006;0000;43.8;33.119355;21.583871;77.725806;
82768;28/02/2006;0000;196.8;32.142857;21.435714;82.517857;
82768;31/03/2006;0000;177.6;31.436667;21.703226;85.370968;
82768;30/04/2006;0000;309.8;30.523333;21.396667;84.391667;
82768;31/05/2006;0000;70.8;32.045161;21.312903;72.870968;
82768;30/06/2006;0000;0;32.513333;19.09;61.791667;
82768;31/07/2006;0000;0;;;;
82768;31/08/2006;0000;0;35.151613;18.629032;46.508065;
82768;30/09/2006;0000;49.2;35.403333;20.98;48.908333;
82768;31/10/2006;0000;134.6;33.596774;22.287097;64.935484;
82768;30/11/2006;0000;152.4;32.696667;21.666667;70.616667;
82768;31/12/2006;0000;173.8;32.329032;21.890323;73.443548;
82768;31/01/2007;0000;124.3;32.312903;21.583871;77.790323;
82768;28/02/2007;0000;383.6;30.825;21.110714;82.526786;
82768;31/03/2007;0000;110.3;32.23871;21.519355;73.153226;
82768;30/04/2007;0000;166;32.356667;22.016667;75.325;
82768;31/05/2007;0000;76.1;33.363333;21.429032;69.193548;
82768;30/06/2007;0000;9.6;33.183333;19.046667;61.441667;
82768;31/07/2007;0000;0;34.6;18.958065;53.370968;
82768;31/08/2007;0000;0;35.26129;19.26129;43.870968;
82768;30/09/2007;0000;2.8;36.45;21.756667;41.141667;
82768;31/10/2007;0000;59.9;36.267742;23.73871;49.975806;
82768;30/11/2007;0000;46.8;34.66;22.97931;62.991667;
82768;31/12/2007;0000;205;32.86;21.919355;73.741935;
82768;31/01/2008;0000;222.1;30.806452;21.235484;81.024194;
82768;29/02/2008;0000;113.8;31.82963;21.677778;76.824074;
82768;31/03/2008;0000;327.8;31.035484;21.080645;82.774194;
82768;30/04/2008;0000;205.1;31.933333;21.866667;78.108333;
82768;31/05/2008;0000;39;32.5;21.403226;69.419355;
82768;30/06/2008;0000;0;33.156667;18.6;59.575;
82768;31/07/2008;0000;0;33.390323;18.609677;52.798387;
82768;31/08/2008;0000;0;35.083871;19.719355;47.467742;
82768;30/09/2008;0000;37.8;36.176667;21.523333;45.291667;
82768;31/10/2008;0000;32.1;36.016129;21.809677;50.314516;
82768;30/11/2008;0000;308.7;32.566667;22.21;73.666667;
82768;31/12/2008;0000;207;31.270968;21.364516;77.346774;
82768;31/01/2009;0000;192.2;31.86129;21.33871;75.862903;
82768;28/02/2009;0000;192.2;31.646429;21.092857;77.571429;
82768;31/03/2009;0000;105.4;32.348387;21.783871;78.854839;
82768;30/04/2009;0000;361.6;30.726667;21.706667;83.508333;
82768;31/05/2009;0000;126.4;31.090323;21.370968;79.016129;
82768;30/06/2009;0000;1.6;32.613333;19.986667;63.758333;
82768;31/07/2009;0000;0;33.996774;19.029032;52.266129;
82768;31/08/2009;0000;3.4;35.135484;19.854839;48.217742;
82768;30/09/2009;0000;4.3;36.13;22.4;48.333333;
82768;31/10/2009;0000;209.5;33.496774;22.541935;68.701613;
82768;30/11/2009;0000;11.6;34.16;22.166667;64.275;
82768;31/12/2009;0000;270.5;31.251613;21.241935;78.604839;
82768;31/01/2010;0000;173.7;31.66129;21.203226;77.282258;
82768;28/02/2010;0000;178.1;32.160714;22.014286;79.875;
82768;31/03/2010;0000;47.7;32.841935;22.345161;77.685484;
82768;30/04/2010;0000;128.2;32.913333;22.126667;74.85;
82768;31/05/2010;0000;23.8;34.445161;21.996774;65.975806;
82768;30/06/2010;0000;3;33.793333;20.64;59.525;
82768;31/07/2010;0000;0;34.464516;20.13871;49.040323;
82768;31/08/2010;0000;0;35.641935;20.222581;42.427419;
82768;30/09/2010;0000;0;36.82;23.003333;40.825;
82768;31/10/2010;0000;194.5;34.725806;23.422581;62.733871;
82768;30/11/2010;0000;91.5;33.766667;23.32;66.658333;
82768;31/12/2010;0000;38.6;32.635484;23.158065;72.233871;
82768;31/01/2011;0000;282.4;31.393548;22.348387;79.008065;
82768;28/02/2011;0000;314.2;30.710714;21.9;84.875;
82768;31/03/2011;0000;220.9;31.719355;22.493548;79.540323;
82768;30/04/2011;0000;92.4;32.2;22.783333;76.95;
82768;31/05/2011;0000;53.4;32.958065;22.351613;68.290323;
82768;30/06/2011;0000;0;34.133333;20.68;60.491667;
82768;31/07/2011;0000;2;33.974194;19.464516;57.282258;
82768;31/08/2011;0000;0;36.045161;20.619355;50.217742;
82768;30/09/2011;0000;0;36.97;21.503333;45.333333;
82768;31/10/2011;0000;143.5;34.86129;23.509677;64.075;
82768;30/11/2011;0000;169.8;31.07;22.463333;80.766667;
82768;31/12/2011;0000;70.6;32.277419;22.722581;76.967742;
82768;31/01/2012;0000;211.3;30.809677;21.987097;83.120968;
82768;29/02/2012;0000;168.6;31.168966;21.803448;82.339286;
82768;31/03/2012;0000;78.4;31.996774;22.487097;80.467742;
82768;30/04/2012;0000;34.2;33.58;22.723333;75.408333;
82768;31/05/2012;0000;31.5;33.948387;22.267742;69;
82768;30/06/2012;0000;12.8;34.316667;21.24;61.475;
82768;31/07/2012;0000;0;35.229032;19.8;53.794643;
82768;31/08/2012;0000;0;35.616129;20.7;46.433333;
82768;30/09/2012;0000;1.2;37.3;22.67;45.708333;
82768;31/10/2012;0000;69.4;36.683871;24.532258;54.925;
82768;30/11/2012;0000;254;32.046667;23.233333;79.866667;
82768;31/12/2012;0000;91.7;32.6;23.041935;74.933333;
82768;31/01/2013;0000;457.8;31.412903;22.819355;82.862903;
82768;28/02/2013;0000;72.2;32.560714;23.257143;77.767857;
82768;31/03/2013;0000;200.3;32.083871;23.280645;82.508065;
82768;30/04/2013;0000;74.6;32.86;23.39;76.875;
82768;31/05/2013;0000;64.2;32.770968;22.732258;72.814516;
82768;30/06/2013;0000;4.5;33.65;21.506667;65.316667;
82768;31/07/2013;0000;2.6;34.619355;20.803226;55.370968;
82768;31/08/2013;0000;0;36.209677;21.064516;47.572581;
82768;30/09/2013;0000;12.7;37.206667;23.513333;49.566667;
82768;31/10/2013;0000;141.2;35.051613;23.554839;70.612903;
82768;30/11/2013;0000;356.5;32.293333;22.286667;82.875;
82768;31/12/2013;0000;157.1;32.551613;22.967742;84.5;
82768;31/01/2014;0000;149.3;32.163333;22.374194;84.596774;
82768;28/02/2014;0000;118.8;32.007143;22.539286;87.482143;
82768;31/03/2014;0000;164.7;32.296774;22.877419;87.508065;
82768;30/04/2014;0000;78.4;32.856667;23.13;85.808333;
82768;31/05/2014;0000;12.2;33.848387;22.53871;78.41129;
82768;30/06/2014;0000;0;34.693333;21.536667;71;
82768;31/07/2014;0000;0;35.293333;20.796774;67.935484;
82768;31/08/2014;0000;0;36.364516;21.451613;60.427419;
82768;30/09/2014;0000;2.4;36.95;23.483333;63.458333;
82768;31/10/2014;0000;67.6;35.609677;23.751613;70.104839;
82768;30/11/2014;0000;121.8;33.8;23.293333;76.225;
82768;31/12/2014;0000;199.2;32.490323;22.745161;74.693548;
82768;31/01/2015;0000;124.6;32.229032;22.474194;77.483871;
82768;28/02/2015;0000;169.2;30.721429;22.239286;85.357143;
82768;31/03/2015;0000;126.6;32.225806;22.619355;81.274194;
82768;30/04/2015;0000;52.5;33.616667;23.516667;76.083333;
82768;31/05/2015;0000;98.9;33.277419;22.812903;74.129032;
82768;30/06/2015;0000;0.4;34.513793;21.526667;63.025;
82768;31/07/2015;0000;6;35.303226;21.435484;57.08871;
82768;31/08/2015;0000;0;36.609677;20.932258;50.048387;
82768;30/09/2015;0000;4.4;38.226667;23.576667;50.534483;
82768;31/10/2015;0000;65.4;37.234483;24.283871;54.933333;
82768;30/11/2015;0000;57.2;35.416667;24.276667;65.825;
82768;31/12/2015;0000;15;35.855556;24.603571;63.306452;
