--------------------
BDMEP - INMET
--------------------
Estação           : BARRA DO CORDA - MA (OMM: 82571)
Latitude  (graus) : -5.5
Longitude (graus) : -45.23
Altitude  (metros): 153.00
Estação Operante
Inicio de operação: 14/01/1912
Periodo solicitado dos dados: 01/01/2000 a 01/01/2016
Os dados listados abaixo são os que encontram-se digitados no BDMEP
Hora em UTC
--------------------
Obs.: Os dados aparecem separados por ; (ponto e vírgula) no formato txt.
      Para o formato planilha XLS, siga as instruções
--------------------
Estacao;Data;Hora;PrecipitacaoTotal;TempMaximaMedia;TempMinimaMedia;UmidadeRelativaMedia;
82571;31/01/2000;0000;175;31.064516;21.274194;84.875;
82571;29/02/2000;0000;304.7;30.744828;20.924138;;
82571;31/03/2000;0000;259.2;30.496774;21.183871;89.75;
82571;30/04/2000;0000;288.8;30.47;21.013333;90.741667;
82571;31/05/2000;0000;76.5;31.225806;20.648387;85.806452;
82571;30/06/2000;0000;7.1;31.24;19.596667;80.966667;
82571;31/07/2000;0000;19.3;31.887097;19.048387;77.717742;
82571;31/08/2000;0000;60.2;32.851613;19.119355;75.459677;
82571;30/09/2000;0000;48.6;32.786667;20.933333;79.058333;
82571;31/10/2000;0000;8.6;33.790323;21.645161;74.709677;
82571;30/11/2000;0000;10.8;34.433333;22.153333;68.358333;
82571;31/12/2000;0000;183.6;32.809677;21.883871;74.137097;
82571;31/01/2001;0000;121.4;30.977419;20.9;83.58871;
82571;28/02/2001;0000;107.4;30.564286;20.642857;83.278571;
82571;31/03/2001;0000;312.4;31.103226;21.006452;87.548387;
82571;30/04/2001;0000;108.8;31.586667;21.033333;85.466667;
82571;31/05/2001;0000;39.6;31.93871;21.083871;85.112903;
82571;30/06/2001;0000;25.1;31.71;19.63;78.575;
82571;31/07/2001;0000;18.3;32.735484;18.890323;73.459677;
82571;31/08/2001;0000;1.6;34.55;19.466667;62.144231;
82571;30/09/2001;0000;0.8;35.15;23.156667;65.966667;
82571;31/10/2001;0000;8.4;35.506452;24.029032;64.346774;
82571;30/11/2001;0000;136.7;32.96;23.853333;75.366667;
82571;31/12/2001;0000;165.1;33.051613;23.751613;75.306452;
82571;31/01/2002;0000;363.2;30.606452;22.796667;85.620968;
82571;28/02/2002;0000;132;31.796429;22.985714;81.9375;
82571;31/03/2002;0000;159.9;31.648387;22.796774;85.258065;
82571;30/04/2002;0000;68.6;31.603333;22.77;86.55;
82571;31/05/2002;0000;61.7;31.841935;22.477419;85.354839;
82571;30/06/2002;0000;9.8;32.03;20.93;77.2;
82571;31/07/2002;0000;30.4;33.116129;20.929032;76.983871;
82571;31/08/2002;0000;3.3;34.880645;20.525806;67.774194;
82571;30/09/2002;0000;61.9;34.583333;22.663333;68.316667;
82571;31/10/2002;0000;21.7;35.229032;23.783871;67.379032;
82571;30/11/2002;0000;66.8;34.693333;23.83;70.233333;
82571;31/12/2002;0000;70.2;33.051613;23.783871;76.548387;
82571;31/01/2003;0000;129.6;32.445161;23.651613;79.354839;
82571;28/02/2003;0000;179.6;30.971429;22.903571;85.875;
82571;31/03/2003;0000;223.2;31.235484;23.006452;86.862903;
82571;30/04/2003;0000;110.5;32.23;23.003333;84.691667;
82571;31/05/2003;0000;43;32.141935;22.396774;82;
82571;30/06/2003;0000;4.6;32.316667;21.05;77.866667;
82571;31/07/2003;0000;0.1;33.867742;19.46129;65.572581;
82571;31/08/2003;0000;16.8;35.293548;21.533333;63.241935;
82571;30/09/2003;0000;0;36.303333;23.676667;59.208333;
82571;31/10/2003;0000;12.5;36.558065;24.916129;59.596774;
82571;30/11/2003;0000;137;34.023333;23.94;75.416667;
82571;31/12/2003;0000;52.9;33.729032;23.567742;75.096774;
82571;31/01/2004;0000;502.1;31.93871;23.554839;80.814516;
82571;29/02/2004;0000;341.5;30.644828;22.906897;87.301724;
82571;31/03/2004;0000;203.2;31.23871;23.125806;87.314516;
82571;30/04/2004;0000;224.2;31.49;23.006667;87.166667;
82571;31/05/2004;0000;24.7;31.977419;22.470968;82.766129;
82571;30/06/2004;0000;17.8;31.846667;20.893333;77.375;
82571;31/07/2004;0000;1.1;32.654839;20.235484;71.129032;
82571;31/08/2004;0000;6.3;34.419355;21.303226;65.516129;
82571;30/09/2004;0000;16.6;35.556667;22.843333;61.466667;
82571;31/10/2004;0000;23.3;35.403226;24.035484;64.266129;
82571;30/11/2004;0000;18.3;34.39;23.826667;69.558333;
82571;31/12/2004;0000;59.4;33.706452;23.76129;74.846774;
82571;31/01/2005;0000;103.9;32.783871;23.743333;79.354839;
82571;28/02/2005;0000;239.7;31.439286;23.367857;86.375;
82571;31/03/2005;0000;343;31.345161;23.387097;87.790323;
82571;30/04/2005;0000;100.8;32.04;23.526667;84.016667;
82571;31/05/2005;0000;66.3;31.680645;22.996774;79.25;
82571;30/06/2005;0000;8.4;31.953333;21.793333;73.833333;
82571;31/07/2005;0000;0.1;33.287097;19.419355;62.66129;
82571;31/08/2005;0000;0.7;35.148387;20.56129;55.33871;
82571;30/09/2005;0000;0.3;36.393333;23.1;54.741667;
82571;31/10/2005;0000;3;36.677419;24.677419;55.362903;
82571;30/11/2005;0000;41.9;35.74;24.843333;62.35;
82571;31/12/2005;0000;102.9;32.019355;23.5;78;
82571;31/01/2006;0000;111.3;31.706452;23.541935;80.967742;
82571;28/02/2006;0000;180.1;31.278571;23.121429;83.205357;
82571;31/03/2006;0000;303;31.051613;23.306452;86.322581;
82571;30/04/2006;0000;279.5;30.663333;23.033333;88.166667;
82571;31/05/2006;0000;102.3;31.154839;22.716129;83.5;
82571;30/06/2006;0000;14.8;31.553333;20.863333;71.8;
82571;31/07/2006;0000;1.6;32.583871;19.774194;65.483871;
82571;31/08/2006;0000;18.5;34.016129;20.012903;63.153226;
82571;30/09/2006;0000;19.7;35.296667;22.793333;60.8;
82571;31/10/2006;0000;29.1;35.33871;24.483871;63.564516;
82571;30/11/2006;0000;205.4;33.546667;23.733333;71.9;
82571;31/12/2006;0000;94.7;32.551613;23.741935;77.903226;
82571;31/01/2007;0000;44.6;33.064516;23.8;77.008065;
82571;28/02/2007;0000;417.1;30.067857;22.657143;85.571429;
82571;31/03/2007;0000;83.6;31.290323;23.03871;83.766129;
82571;30/04/2007;0000;50.4;31.693333;23.136667;84.241667;
82571;31/05/2007;0000;79.5;32.3;22.235484;78.895161;
82571;30/06/2007;0000;2.4;33.333333;20.393333;67.466667;
82571;31/07/2007;0000;15.4;34.264516;21.054839;65.233871;
82571;31/08/2007;0000;0;35.651613;20.496774;50.741935;
82571;30/09/2007;0000;21.7;36.613333;23.153333;48.916667;
82571;31/10/2007;0000;69.1;36.206452;24.306452;56.572581;
82571;30/11/2007;0000;25.7;35.336667;25.023333;61.308333;
82571;31/12/2007;0000;87.2;33.551613;24.012903;70.935484;
82571;31/01/2008;0000;185.7;31.335484;23.06129;81.056452;
82571;29/02/2008;0000;208.6;31.262069;22.751724;83.681034;
82571;31/03/2008;0000;328.5;30.706452;22.722581;86.645161;
82571;30/04/2008;0000;219.3;31.172727;22.916667;85.366667;
82571;31/05/2008;0000;100;;22.629032;81.403226;
82571;30/06/2008;0000;0;;20.166667;69.9;
82571;31/07/2008;0000;0;;19.735484;62.5;
82571;31/08/2008;0000;5.5;35.083871;20.816129;56.362903;
82571;30/09/2008;0000;0;36.496667;23.446667;55.658333;
82571;31/10/2008;0000;15.2;37.112903;24.367742;54.725806;
82571;30/11/2008;0000;12.7;35.516667;24.896667;60.941667;
82571;31/12/2008;0000;116.6;33.106452;23.787097;75.33871;
82571;31/01/2009;0000;166.7;31.545161;23.322581;82.451613;
82571;28/02/2009;0000;236.5;31.303571;22.692857;85.964286;
82571;31/03/2009;0000;161.9;31.803226;23.26129;85.024194;
82571;30/04/2009;0000;492.2;30.913333;23.106667;86.725;
82571;31/05/2009;0000;248.4;30.664516;22.764516;86.25;
82571;30/06/2009;0000;7.4;31.9;21.38;77.866667;
82571;31/07/2009;0000;0.4;33.1;20.641935;70.282258;
82571;31/08/2009;0000;40.2;34.219355;20.590323;65.435484;
82571;30/09/2009;0000;1.9;35.353333;23.073333;65.166667;
82571;31/10/2009;0000;58;34.732258;23.890323;66.354839;
82571;30/11/2009;0000;30.4;34.72;24.023333;68.891667;
82571;31/12/2009;0000;200;32.241935;23.26129;79.637097;
82571;31/01/2010;0000;182;31.632258;22.93871;82.516129;
82571;28/02/2010;0000;131.2;31.860714;23.632143;84.767857;
82571;31/03/2010;0000;77;32.458065;23.770968;82.637097;
82571;30/04/2010;0000;253.1;32.144828;23.648276;85.285714;
82571;31/05/2010;0000;14.4;33.035484;23.235484;81.354839;
82571;30/06/2010;0000;4;33.196667;21.286667;70.966667;
82571;31/07/2010;0000;29.5;34.064516;20.580645;63.322581;
82571;31/08/2010;0000;0;35.651613;20.13871;54.508065;
82571;30/09/2010;0000;0.6;37.1;22.79;50.175;
82571;31/10/2010;0000;56.7;36.096774;24.474194;61.225806;
82571;30/11/2010;0000;58.5;35.063333;24.13;66.058333;
82571;31/12/2010;0000;124.6;33.206452;23.9;73.169355;
82571;31/01/2011;0000;173.7;31.248387;22.906452;82.217742;
82571;28/02/2011;0000;290.8;30.807143;22.507143;85.714286;
82571;31/03/2011;0000;257.3;31.980645;22.832258;83.201613;
82571;30/04/2011;0000;205.1;31.756667;23.033333;84.291667;
82571;31/05/2011;0000;199.4;32.06129;23.1;80.443548;
82571;30/06/2011;0000;1.4;33.006667;21.256667;73.658333;
82571;31/07/2011;0000;22.2;33.1;19.93871;68.040323;
82571;31/08/2011;0000;7.1;34.796774;20.9;65.072581;
82571;30/09/2011;0000;0.4;36.56;22.273333;56.108333;
82571;31/10/2011;0000;107.7;35.229032;24.077419;65.435484;
82571;30/11/2011;0000;138.6;32.576667;23.29;77.325;
82571;31/12/2011;0000;69.5;33.606452;23.677419;74.596774;
82571;31/01/2012;0000;110.5;31.906452;22.735484;80.620968;
82571;29/02/2012;0000;193.3;31.441379;22.07931;82.956897;
82571;31/03/2012;0000;196;31.809677;22.396774;83.072581;
82571;30/04/2012;0000;65.1;32.663333;23.42;82.383333;
82571;31/05/2012;0000;23.1;33.273333;22.716667;77.691667;
82571;30/06/2012;0000;21.9;34.006667;22.026667;72.733333;
82571;31/07/2012;0000;36.7;35.2;21.112903;60.05;
82571;31/08/2012;0000;0;36.077419;20.835484;48.677419;
82571;30/09/2012;0000;2.7;37.45;23.906667;49.666667;
82571;31/10/2012;0000;47.1;37.380645;24.851613;55.129032;
82571;30/11/2012;0000;36.9;34.79;24.85;66.675;
82571;31/12/2012;0000;112.7;32.970968;23.254839;75.658333;
82571;31/01/2013;0000;143.1;32.319355;23.948387;77.637097;
82571;28/02/2013;0000;109;32.375;23.360714;79.955357;
82571;31/03/2013;0000;212.2;;23.472414;81.258065;
82571;30/04/2013;0000;35.1;32.826667;23.917241;79.591667;
82571;31/05/2013;0000;119.4;32.593548;23.087097;78.258065;
82571;30/06/2013;0000;40.1;32.696667;22.343333;74.033333;
82571;31/07/2013;0000;20.8;34.348387;21.55;61.572581;
82571;31/08/2013;0000;1.6;;22.283333;52.241935;
82571;30/09/2013;0000;0.2;;24.403333;48.933333;
82571;31/10/2013;0000;62.9;;24.436667;57.717742;
82571;30/11/2013;0000;138.2;;23.566667;72.083333;
82571;31/12/2013;0000;136;;23.883871;73.91129;
82571;31/01/2014;0000;119.4;;22.609677;81.5;
82571;28/02/2014;0000;184.5;;23.021429;84.303571;
82571;31/03/2014;0000;250.2;;23.119355;85.322581;
82571;30/04/2014;0000;160.5;;23.246667;84.916667;
82571;31/05/2014;0000;152.3;;22.783871;82.572581;
82571;30/06/2014;0000;1.4;;21.633333;74.483333;
82571;31/07/2014;0000;0.3;;20.890323;65.362903;
82571;31/08/2014;0000;4.9;;21.477419;55.266129;
82571;30/09/2014;0000;30.5;;23.606667;59.725;
82571;31/10/2014;0000;34.1;;24.319355;59.548387;
82571;30/11/2014;0000;61.9;;23.966667;66.791667;
82571;31/12/2014;0000;66.6;33.748387;23.816129;72.677419;
82571;31/01/2015;0000;132;32.432258;22.770968;77.717742;
82571;28/02/2015;0000;202;31.253571;22.892857;82.741071;
82571;31/03/2015;0000;175.3;31.777419;22.977419;84.379032;
82571;30/04/2015;0000;72.2;32.923333;23.096667;81.341667;
82571;31/05/2015;0000;22.4;32.948387;22.812903;77.822581;
82571;30/06/2015;0000;6.9;33.89;21.656667;69.358333;
82571;31/07/2015;0000;3.7;35.364516;21.887097;59;
82571;31/08/2015;0000;0;36.893548;22.06129;49.209677;
82571;30/09/2015;0000;0.3;37.623333;24.616667;52.066667;
82571;31/10/2015;0000;12.7;38.126667;24.974194;50.596774;
82571;30/11/2015;0000;0.5;37.482759;25.293333;54.583333;
82571;31/12/2015;0000;27.8;36.962069;25.53;56.225806;
