--------------------
BDMEP - INMET
--------------------
Estação           : BOM JESUS DA LAPA - BA (OMM: 83288)
Latitude  (graus) : -13.26
Longitude (graus) : -43.41
Altitude  (metros): 439.96
Estação Operante
Inicio de operação: 01/11/1941
Periodo solicitado dos dados: 01/01/2000 a 01/01/2016
Os dados listados abaixo são os que encontram-se digitados no BDMEP
Hora em UTC
--------------------
Obs.: Os dados aparecem separados por ; (ponto e vírgula) no formato txt.
      Para o formato planilha XLS, siga as instruções
--------------------
Estacao;Data;Hora;PrecipitacaoTotal;TempMaximaMedia;TempMinimaMedia;UmidadeRelativaMedia;
83288;31/01/2000;0000;131.8;30.966667;21.046667;75.072581;
83288;29/02/2000;0000;165.3;31.27931;21.2;80.310345;
83288;31/03/2000;0000;74.5;31.051613;20.935484;79.725806;
83288;30/04/2000;0000;4.7;32.56;20.596667;67.441667;
83288;31/05/2000;0000;0;33.190323;18.903226;55.040323;
83288;30/06/2000;0000;0;32.22;17.813333;51.816667;
83288;31/07/2000;0000;0;31.96129;17.512903;49.532258;
83288;31/08/2000;0000;0;33.835484;18.503226;44.064516;
83288;30/09/2000;0000;29.8;33.89;20.28;47.916667;
83288;31/10/2000;0000;29.3;35.8;21.409677;44.846774;
83288;30/11/2000;0000;238.3;31.713333;21.39;68.366667;
83288;31/12/2000;0000;427.9;30.045161;21.190323;80.346774;
83288;31/01/2001;0000;60.6;31.493548;20.23871;69.620968;
83288;28/02/2001;0000;66;33.607143;20.560714;65.080357;
83288;31/03/2001;0000;32.4;32.764516;20.367742;69.403226;
83288;30/04/2001;0000;45.3;33.75;20.03;56.225;
83288;31/05/2001;0000;3.6;34.216129;20.164516;57.048387;
83288;30/06/2001;0000;3;32.206667;18.103333;53.541667;
83288;31/07/2001;0000;2.8;32.425806;17.4;49.410714;
83288;31/08/2001;0000;0;32.012903;17.845161;49.645161;
83288;30/09/2001;0000;33.2;35.143333;20.189655;45.05;
83288;31/10/2001;0000;110.2;33.551613;22.403226;59.709677;
83288;30/11/2001;0000;106.2;33.336667;23.54;72.975;
83288;31/12/2001;0000;157.1;31.916129;21.63871;74.927419;
83288;31/01/2002;0000;190.7;30.677419;21.548387;85.380645;
83288;28/02/2002;0000;114.7;32.225;20.978571;77.973214;
83288;31/03/2002;0000;32.9;33.993548;21.132258;75.991935;
83288;30/04/2002;0000;59.6;33.666667;20.506667;71.05;
83288;31/05/2002;0000;36.8;30.967742;19.645161;62.362903;
83288;30/06/2002;0000;3;32.193333;17.32;62.883333;
83288;31/07/2002;0000;0.6;32.990323;17.496774;61.540323;
83288;31/08/2002;0000;8;33.909677;17.680645;45.967742;
83288;30/09/2002;0000;105.5;34.526667;19.803333;54.525;
83288;31/10/2002;0000;10.5;36.312903;20.403333;47.080645;
83288;30/11/2002;0000;77.5;35.053333;21.524138;58.225;
83288;31/12/2002;0000;256.4;33.516129;21.876667;68.306452;
83288;31/01/2003;0000;89.8;32.267742;21.874194;77.564516;
83288;28/02/2003;0000;20.9;33.508;21.17037;69.535714;
83288;31/03/2003;0000;159.7;33.635484;21.741935;74.620968;
83288;30/04/2003;0000;57.5;32.946667;20.966667;73.75;
83288;31/05/2003;0000;19.9;32.648387;19.948387;70.419355;
83288;30/06/2003;0000;0.6;32.560714;17.971429;59.716667;
83288;31/07/2003;0000;0;31.373333;16.566667;51.959677;
83288;31/08/2003;0000;6.8;32.912903;19.351613;51.129032;
83288;30/09/2003;0000;7.6;35.082759;20.293103;43.7;
83288;31/10/2003;0000;30.4;35.503226;21.619355;43.451613;
83288;30/11/2003;0000;84.3;34.246667;21.976667;58.433333;
83288;31/12/2003;0000;112.1;34.745161;21.951613;57.346774;
83288;31/01/2004;0000;369.4;30.487097;20.883871;80.169355;
83288;29/02/2004;0000;158;30.4;21.225;82.577586;
83288;31/03/2004;0000;126.9;30.087097;21.325806;82.758065;
83288;30/04/2004;0000;4.2;31.586667;20.646667;74.8;
83288;31/05/2004;0000;0;31.709677;19.390323;69.467742;
83288;30/06/2004;0000;0;30.556667;16.926667;63.6;
83288;31/07/2004;0000;0;30.46129;16.206452;55.91129;
83288;31/08/2004;0000;0;32.873333;17.032258;47.709677;
83288;30/09/2004;0000;0;34.483333;18.846667;43.791667;
83288;31/10/2004;0000;45.1;35.554839;22.467742;49.653226;
83288;30/11/2004;0000;159.5;34.363333;21.63;59.4;
83288;31/12/2004;0000;174;32.648387;20.96;64.870968;
83288;31/01/2005;0000;169;31.954839;21.193548;75.717742;
83288;28/02/2005;0000;257.5;31.739286;20.796429;78.178571;
83288;31/03/2005;0000;65.9;31.28;21.423333;78.733871;
83288;30/04/2005;0000;45.3;31.973333;21.346667;69.875;
83288;31/05/2005;0000;5;31.377419;18.464516;66.274194;
83288;30/06/2005;0000;0.2;31.423333;16.983333;57.65;
83288;31/07/2005;0000;0;31.093333;16.63871;52.766129;
83288;31/08/2005;0000;0;33.351613;17.667742;46.016129;
83288;30/09/2005;0000;4.8;35.086667;19.803333;45.658333;
83288;31/10/2005;0000;6.5;36.977419;21.203226;39.741935;
83288;30/11/2005;0000;87.7;33.003333;21.443333;59.883333;
83288;31/12/2005;0000;308.5;31.667742;20.964516;71.725806;
83288;31/01/2006;0000;13.8;33.796774;20.262069;59.41129;
83288;28/02/2006;0000;88.4;33.857143;21.632143;67.098214;
83288;31/03/2006;0000;107.9;31.612903;21.154839;74.766129;
83288;30/04/2006;0000;94.6;30.273333;20.36;77.541667;
83288;31/05/2006;0000;4.6;30.554839;18.074194;64.314516;
83288;30/06/2006;0000;0.7;30.043333;15.803333;56.158333;
83288;31/07/2006;0000;0;30.886667;15.636667;52.354839;
83288;31/08/2006;0000;0;33.690323;17.654839;40.875;
83288;30/09/2006;0000;15.6;34.506667;19.526667;45.341667;
83288;31/10/2006;0000;107.8;34.051613;21.377419;57.491935;
83288;30/11/2006;0000;95.4;31.523333;21.103333;71.183333;
83288;31/12/2006;0000;122.5;33.296774;21.367742;63.048387;
83288;31/01/2007;0000;29.6;34.912903;21.9;57.266129;
83288;28/02/2007;0000;243.5;30.214286;20.925;78.044643;
83288;31/03/2007;0000;17.3;32.432258;20.2;63.193548;
83288;30/04/2007;0000;14.3;33.4;20.63;58.666667;
83288;31/05/2007;0000;0;33.629032;19.496774;49.798387;
83288;30/06/2007;0000;0;31.92;16.896667;48.158333;
83288;31/07/2007;0000;0;32.396667;16.796667;44.604839;
83288;31/08/2007;0000;0;32.229032;17.048387;41.701613;
83288;30/09/2007;0000;0;34.48;18.9;36.391667;
83288;31/10/2007;0000;5.4;36.664516;21.37;37.185484;
83288;30/11/2007;0000;75;35.59;23.223333;41.891667;
83288;31/12/2007;0000;279;32.635484;21.358065;64.516129;
83288;31/01/2008;0000;162.6;32.487097;20.63871;59.83871;
83288;29/02/2008;0000;105.6;32.848276;20.989655;65.589286;
83288;31/03/2008;0000;40.7;31.454839;20.519355;71.185484;
83288;30/04/2008;0000;153.4;31.583333;20.593333;70.741667;
83288;31/05/2008;0000;0;31.809677;19.312903;55.604839;
83288;30/06/2008;0000;0;31.33;17.43;51.591667;
83288;31/07/2008;0000;0;31.074194;16.329032;45.467742;
83288;31/08/2008;0000;0;33.029032;18.148387;40.41129;
83288;30/09/2008;0000;28.8;35.266667;20.186667;45.141667;
83288;31/10/2008;0000;0;36.770968;22.556667;36.193548;
83288;30/11/2008;0000;177.8;32.476667;22.796667;64.341667;
83288;31/12/2008;0000;154;30.951613;21.519355;;
83288;31/01/2009;0000;102.6;31.764516;21.758065;;
83288;28/02/2009;0000;105.6;32.967857;21.267857;69.008929;
83288;31/03/2009;0000;158.7;33.367742;21.822581;69.33871;
83288;30/04/2009;0000;92.3;30.286667;21.036667;79.533333;
83288;31/05/2009;0000;18.9;30.096552;19.565517;;
83288;30/06/2009;0000;7.8;31.057692;18.792308;63.826923;
83288;31/07/2009;0000;0;32.512903;18.316129;52.066667;
83288;31/08/2009;0000;0;33.793548;18.96129;46.274194;
83288;30/09/2009;0000;2.9;36.473333;22.466667;40.633333;
83288;31/10/2009;0000;181.1;34.277419;23.287097;59.532258;
83288;30/11/2009;0000;27.3;33.924138;22.2;59.658333;
83288;31/12/2009;0000;181.4;32.609677;21.680645;68.169355;
83288;31/01/2010;0000;26.3;33.764516;21.916129;62.524194;
83288;28/02/2010;0000;45.4;35.375;22.621429;57.714286;
83288;31/03/2010;0000;152.2;32.248387;21.741935;73.653226;
83288;30/04/2010;0000;121.6;31.61;20.716667;68.358333;
83288;31/05/2010;0000;29.8;33.054839;20.625806;59.072581;
83288;30/06/2010;0000;0;32.023333;17.12;48.666667;
83288;31/07/2010;0000;0;31.764516;17.570968;45.427419;
83288;31/08/2010;0000;0;32.867742;17.716129;39.403226;
83288;30/09/2010;0000;6.6;34.93;20.336667;36.958333;
83288;31/10/2010;0000;85.6;36.545161;23.46129;46.451613;
83288;30/11/2010;0000;164.9;32.824138;22.334483;70.15;
83288;31/12/2010;0000;97.3;31.906452;22.129032;74.540323;
83288;31/01/2011;0000;129.8;31.825806;21.554839;72.322581;
83288;28/02/2011;0000;70.1;33.874074;22.074074;65.883929;
83288;31/03/2011;0000;168.1;30.964516;21.712903;80.056452;
83288;30/04/2011;0000;35.8;31.863333;21.14;70.741667;
83288;31/05/2011;0000;10.1;32.041935;19.280645;59.306452;
83288;30/06/2011;0000;0;32.21;18.106667;52.791667;
83288;31/07/2011;0000;0;32.274194;17.170968;46.491935;
83288;31/08/2011;0000;0;34.067742;19.283871;44.258065;
83288;30/09/2011;0000;0;34.576667;19.026667;39.525;
83288;31/10/2011;0000;94.1;33.919355;22.132258;59.201613;
83288;30/11/2011;0000;134.5;30.566667;20.61;73.483333;
83288;31/12/2011;0000;198.9;31.603226;21.054839;71.91129;
83288;31/01/2012;0000;48.6;32.216129;21.267742;66.419355;
83288;29/02/2012;0000;35.9;33.62069;21.365517;60.594828;
83288;31/03/2012;0000;48.2;34.916129;22.364516;54.741935;
83288;30/04/2012;0000;0;35.94;22.173333;47.641667;
83288;31/05/2012;0000;33.7;33.329032;20.5;55.258065;
83288;30/06/2012;0000;2.2;33.383333;19.57;49.041667;
83288;31/07/2012;0000;0;32.648387;17.832258;47.33871;
83288;31/08/2012;0000;0;32.164516;18.077419;45.08871;
83288;30/09/2012;0000;0;35.863333;20.746667;40.825;
83288;31/10/2012;0000;15.4;36.49;22.017241;41.693548;
83288;30/11/2012;0000;293.8;30.32;21.803333;80.166667;
83288;31/12/2012;0000;1.2;34.916129;22.225806;55.564516;
83288;31/01/2013;0000;75.3;32.709677;22.326667;70.645161;
83288;28/02/2013;0000;34;36.040741;22.622222;58.741071;
83288;31/03/2013;0000;78.6;35.04;22.841935;65.41129;
83288;30/04/2013;0000;58;32.656667;21.52;66.55;
83288;31/05/2013;0000;16;33.890323;20.851613;54.274194;
83288;30/06/2013;0000;24.6;32.844828;20.113793;54.108333;
83288;31/07/2013;0000;0;32.832258;19.619355;48.435484;
83288;31/08/2013;0000;0;33.458065;19.525806;47.266129;
83288;30/09/2013;0000;2.8;35.533333;22.076667;43.783333;
83288;31/10/2013;0000;90.2;35.18;22.436667;52.16129;
83288;30/11/2013;0000;128.5;33.996667;22.536667;57.05;
83288;31/12/2013;0000;237.7;30.23;21.941935;79.290323;
83288;31/01/2014;0000;12;32.735484;21.712903;62.701613;
83288;28/02/2014;0000;35.2;34.244444;22.132143;63.133929;
83288;31/03/2014;0000;94;33.83871;22.367742;68.387097;
83288;30/04/2014;0000;40;33.856667;22.413333;60.991667;
83288;31/05/2014;0000;4.5;33.86129;21.112903;49.798387;
83288;30/06/2014;0000;3.6;32.726667;19.323333;47;
83288;31/07/2014;0000;0;32.712903;19.035484;46.564516;
83288;31/08/2014;0000;0;33.763333;19.051613;41.185484;
83288;30/09/2014;0000;0;35.98;21.406667;36.291667;
83288;31/10/2014;0000;29.3;35.670968;22.65;42.169355;
83288;30/11/2014;0000;232.3;33.55;22.663333;60.65;
83288;31/12/2014;0000;117.9;31.732258;22.164516;68.653226;
83288;31/01/2015;0000;30.8;35.329032;22.329032;53.201613;
83288;28/02/2015;0000;60.7;33.371429;22.153571;64.669643;
83288;31/03/2015;0000;92.1;34.529032;22.912903;63.080645;
83288;30/04/2015;0000;107.5;33.453333;22.733333;67.783333;
83288;31/05/2015;0000;59.6;32.283871;20.854839;62.258065;
83288;30/06/2015;0000;0;32.19;19.686667;51.575;
83288;31/07/2015;0000;0;32.66129;19.558065;48.943548;
83288;31/08/2015;0000;0;33.151613;19.683871;43.83871;
83288;30/09/2015;0000;0;37.836667;22.4;38.533333;
83288;31/10/2015;0000;2.2;38.06129;24.003226;40.379032;
83288;30/11/2015;0000;89.6;37.196667;24.259259;49.458333;
83288;31/12/2015;0000;12.6;37.254839;24.466667;44.225806;
