--------------------
BDMEP - INMET
--------------------
Estação           : CAMPO MOURAO - PR (OMM: 83783)
Latitude  (graus) : -24.05
Longitude (graus) : -52.36
Altitude  (metros): 616.40
Estação Operante
Inicio de operação: 02/04/1958
Periodo solicitado dos dados: 01/01/2000 a 01/01/2016
Os dados listados abaixo são os que encontram-se digitados no BDMEP
Hora em UTC
--------------------
Obs.: Os dados aparecem separados por ; (ponto e vírgula) no formato txt.
      Para o formato planilha XLS, siga as instruções
--------------------
Estacao;Data;Hora;PrecipitacaoTotal;TempMaximaMedia;TempMinimaMedia;UmidadeRelativaMedia;
83783;31/01/2000;0000;120.9;30.354839;19.103226;73.685484;
83783;29/02/2000;0000;353.2;28.555172;18.868966;79.965517;
83783;31/03/2000;0000;96.5;28.7;18.022581;77.137097;
83783;30/04/2000;0000;11.3;28.04;15.016667;68.083333;
83783;31/05/2000;0000;44.4;23.016129;11.225806;73.983871;
83783;30/06/2000;0000;155.2;23.603333;12.453333;76;
83783;31/07/2000;0000;105.5;20.067742;7.141935;70.693548;
83783;31/08/2000;0000;208.9;24.909677;12.170968;68.967742;
83783;30/09/2000;0000;252.6;25.13;14.096667;73.091667;
83783;31/10/2000;0000;137.6;30.012903;16.922581;67.346774;
83783;30/11/2000;0000;154.3;29.093333;17.336667;84.25;
83783;31/12/2000;0000;186.9;28.896774;17.53871;89.129032;
83783;30/09/2001;0000;39;;;;
83783;31/10/2001;0000;56.2;28.807407;16.224138;83.822917;
83783;30/11/2001;0000;134.8;29.42069;18.413793;89.517857;
83783;31/12/2001;0000;124;28.221429;17.160714;88.703704;
83783;31/01/2002;0000;281.1;28.96129;18.093548;89.524194;
83783;28/02/2002;0000;91.8;28.596429;17.442857;90.166667;
83783;31/03/2002;0000;13.6;32.329032;19.829032;87.169355;
83783;30/04/2002;0000;30;31.693333;18.62;84.353448;
83783;31/05/2002;0000;252;24.412903;15.473333;91.669355;
83783;30/06/2002;0000;0.6;25.593333;14.016667;89.316667;
83783;31/07/2002;0000;61.8;21.603333;10.993548;91.556452;
83783;31/08/2002;0000;104;25.712903;13.825806;89.459677;
83783;30/09/2002;0000;151.6;25.383333;11.876667;79.066667;
83783;31/10/2002;0000;150.9;29.645161;18.396774;71.266129;
83783;30/11/2002;0000;235.9;28.773333;17.74;72.783333;
83783;31/12/2002;0000;127.9;30.212903;19.503226;77.056452;
83783;31/01/2003;0000;253.4;29.322581;19.748387;83.314516;
83783;28/02/2003;0000;262.4;29.789286;19.771429;84.0625;
83783;31/03/2003;0000;217.9;29.783871;18.303226;75.524194;
83783;30/04/2003;0000;111.1;27.713333;15.3;74.858333;
83783;31/05/2003;0000;76;23.951613;10.990323;75.016129;
83783;30/06/2003;0000;67.9;25.236667;13.213333;82.775;
83783;31/07/2003;0000;91.8;23.454839;11.670968;79.201613;
83783;31/08/2003;0000;39;22.616129;7.912903;71.330645;
83783;30/09/2003;0000;109.6;26.833333;12.256667;69.275;
83783;31/10/2003;0000;118.9;28.36129;15.154839;70.459677;
83783;30/11/2003;0000;214;29.45;16.73;68.15;
83783;31/12/2003;0000;187.4;28.854839;18.035484;77.75;
83783;31/01/2004;0000;129.4;29.832258;18.080645;75.725806;
83783;29/02/2004;0000;122.6;29.668966;17.337931;82.62931;
83783;31/03/2004;0000;54.4;30.048387;16.687097;83.685484;
83783;30/04/2004;0000;167.7;27.546667;17.5;88.191667;
83783;31/05/2004;0000;287.1;19.606452;11.722581;92.395161;
83783;30/06/2004;0000;85.6;21.333333;11.323333;89.175;
83783;31/07/2004;0000;120;20.867742;11.396774;90.153226;
83783;31/08/2004;0000;2.9;25.793548;10.46129;81.451613;
83783;30/09/2004;0000;67.2;30.106667;14.44;74.1;
83783;31/10/2004;0000;311.1;27.048387;14.722581;74.282258;
83783;30/11/2004;0000;232.7;27.82;16.666667;86.916667;
83783;31/12/2004;0000;150.1;29.251613;17.187097;88.540323;
83783;31/01/2005;0000;319.1;28.048387;17.164516;93.709677;
83783;28/02/2005;0000;0;31.046429;17.439286;85.75;
83783;31/03/2005;0000;64.4;31.26129;18.225806;84.145161;
83783;30/04/2005;0000;84.5;29.123333;17.65;84.55;
83783;31/05/2005;0000;101.5;25.832258;13.183871;84.540323;
83783;30/06/2005;0000;141.6;24.433333;14.29;89.025;
83783;31/07/2005;0000;62.8;21.783871;8.741935;86.08871;
83783;31/08/2005;0000;35.5;26.264516;11.151613;81.032258;
83783;30/09/2005;0000;146.1;22.896667;11.733333;87.241667;
83783;31/10/2005;0000;374.1;27.254839;17.409677;89.387097;
83783;30/11/2005;0000;68.3;29.303333;16.906667;81.391667;
83783;31/12/2005;0000;50.5;29.741935;17.319355;77.475806;
83783;31/01/2006;0000;144.4;30.164516;17.841935;79.830645;
83783;28/02/2006;0000;196;29.321429;17.046429;81.991071;
83783;31/03/2006;0000;137.7;29.945161;16.380645;79.5;
83783;30/04/2006;0000;119;27.15;13.54;76.008333;
83783;31/05/2006;0000;19.7;23.76129;9.183871;74.072581;
83783;30/06/2006;0000;48.5;24.346667;11.793333;73.666667;
83783;31/07/2006;0000;59.7;25.277419;11.574194;73.58871;
83783;31/08/2006;0000;40;25.883871;11.36129;66.580645;
83783;30/09/2006;0000;174.6;24.863333;12.110714;71.166667;
83783;31/10/2006;0000;100.2;29.529032;17.158065;79.620968;
83783;30/11/2006;0000;148.6;29.173333;17.846667;75.45;
83783;31/12/2006;0000;190.5;29.83871;19.525806;78.935484;
83783;31/01/2007;0000;231.5;28.635484;20.012903;86.790323;
83783;28/02/2007;0000;214.5;29.471429;18.921429;81.571429;
83783;31/03/2007;0000;165.2;30.783871;18.267742;82.064516;
83783;30/04/2007;0000;158.9;28.27;16.983333;88.425;
83783;31/05/2007;0000;106.1;23.2;11.803226;87.766129;
83783;30/06/2007;0000;0.9;25.12;10.173333;84.1;
83783;31/07/2007;0000;113.8;22.116129;8.967742;86.112903;
83783;31/08/2007;0000;14.8;26.041935;11.167742;82.741935;
83783;30/09/2007;0000;23;30.146667;13.98;77.708333;
83783;31/10/2007;0000;66.8;30.106452;16.393548;81.209677;
83783;30/11/2007;0000;269.9;28.9;15.927586;84.058333;
83783;31/12/2007;0000;130.2;30.2;17.541935;86.620968;
83783;31/01/2008;0000;154.2;;17.66129;88.629032;
83783;29/02/2008;0000;78.5;;17.458621;88.715517;
83783;31/03/2008;0000;174.3;;16.325806;86.556452;
83783;30/04/2008;0000;92.3;;14.016667;88.383333;
83783;31/05/2008;0000;109.3;;9.496774;89.193548;
83783;30/06/2008;0000;94.6;;8.13;90.133333;
83783;31/07/2008;0000;32.7;;9.864516;85.75;
83783;31/08/2008;0000;285.2;;11.33871;87.104839;
83783;30/09/2008;0000;73.3;;9.843333;81;
83783;31/10/2008;0000;94.6;;14.954839;85.209677;
83783;30/11/2008;0000;138.9;29;16.666667;70.85;
83783;31/12/2008;0000;100.9;31.3;16.664516;74.120968;
83783;31/01/2009;0000;205.3;28.252632;16.864516;86.766129;
83783;28/02/2009;0000;121.2;;17.8;80.482143;
83783;31/03/2009;0000;114.3;;16.5;82.064516;
83783;30/04/2009;0000;51.7;28.54;15.853333;79.658333;
83783;31/05/2009;0000;243.6;24.651613;13.887097;86.370968;
83783;30/06/2009;0000;123.3;19.876667;9.666667;87.241667;
83783;31/07/2009;0000;229.6;21.083871;11.890323;90.16129;
83783;31/08/2009;0000;88.1;24.012903;12.132258;83.798387;
83783;30/09/2009;0000;197.5;26.233333;15.11;86.525;
83783;31/10/2009;0000;334.4;27.903226;16.470968;83.145161;
83783;30/11/2009;0000;193.1;31;20.08;85.291667;
83783;31/12/2009;0000;91.2;29.496774;19.980645;86.483871;
83783;31/01/2010;0000;276.4;28.948387;20.332258;92.346774;
83783;28/02/2010;0000;189.9;29.9;20.225;91.482143;
83783;31/03/2010;0000;156.4;29.66129;17.822581;89.056452;
83783;30/04/2010;0000;155;27.44;15.696667;88.758333;
83783;31/05/2010;0000;101.9;22.158065;12.13871;92.169355;
83783;30/06/2010;0000;26.8;23.446667;11.646667;90.466667;
83783;31/07/2010;0000;43.6;23.822581;11.696774;88.927419;
83783;31/08/2010;0000;8.1;25.993548;11.693548;83.596774;
83783;30/09/2010;0000;87.1;27.846667;13.493333;76.441667;
83783;31/10/2010;0000;186.6;26.816129;13.693548;79.91129;
83783;30/11/2010;0000;133.4;28.826667;15.016667;78.4;
83783;31/12/2010;0000;346.4;28.119355;18.3;83.040323;
83783;31/01/2011;0000;130.9;29.696774;18.76129;83.314516;
83783;28/02/2011;0000;225.6;29.057143;19.475;85.660714;
83783;31/03/2011;0000;176.5;28.851613;18.509677;74.83871;
83783;30/04/2011;0000;100.5;27.376667;15.76;77.7;
83783;31/05/2011;0000;9.1;24.235484;11.135484;75.217742;
83783;30/06/2011;0000;160.8;21.913333;8.57;86.666667;
83783;31/07/2011;0000;208.3;23.454839;10.848387;86.879032;
83783;31/08/2011;0000;167;23.790323;11.374194;85.653226;
83783;30/09/2011;0000;43.5;27.186667;11.69;83.925;
83783;31/10/2011;0000;231.4;27.806452;15.935484;89.080645;
83783;30/11/2011;0000;148.9;28.236667;15.633333;82.75;
83783;31/12/2011;0000;71.9;30.4;16.017241;70.016129;
83783;31/01/2012;0000;208.2;29.312903;15.716129;89.870968;
83783;29/02/2012;0000;82.5;31.893103;17.137931;88.198276;
83783;31/03/2012;0000;68;30.432258;14.490323;85.459677;
83783;30/04/2012;0000;263;26.976667;14.053333;90.691667;
83783;31/05/2012;0000;85.1;23.454839;12.012903;90.83871;
83783;30/06/2012;0000;225;21.73;11.166667;93.583333;
83783;31/07/2012;0000;40.8;22.880645;10.509677;90.427419;
83783;31/08/2012;0000;4.1;27.570968;15.596774;82.677419;
83783;30/09/2012;0000;32.3;29.966667;16.44;78.5;
83783;31/10/2012;0000;111.2;30.66129;16.125806;82.475806;
83783;30/11/2012;0000;49.1;30.14;17.196667;87.325;
83783;31/12/2012;0000;250.4;31.245161;19.690323;91.435484;
83783;31/01/2013;0000;286.3;29.125806;17.096774;79.217742;
83783;28/02/2013;0000;356.2;28.939286;18.7;83.910714;
83783;31/03/2013;0000;308.1;28.23871;17.664516;83.33871;
83783;30/04/2013;0000;77.8;26.74;13.69;90.125;
83783;31/05/2013;0000;180.5;24.370968;12.487097;91.096774;
83783;30/06/2013;0000;348.6;;;95.491667;
83783;31/07/2013;0000;71.5;22.43871;8.687097;91.645161;
83783;31/08/2013;0000;10.4;24.606452;9.193548;83.846774;
83783;30/09/2013;0000;112.9;26.993333;12.92;82.25;
83783;31/10/2013;0000;162.2;28.06129;14.383871;82.725806;
83783;30/11/2013;0000;94.9;;17.753571;83.283333;
83783;31/12/2013;0000;101.8;;18.883871;88.169355;
83783;31/01/2014;0000;219.7;;19.009677;92.064516;
83783;28/02/2014;0000;171.5;;19.046429;87.696429;
83783;31/03/2014;0000;195.3;;17.519355;89.798387;
83783;30/04/2014;0000;146;;16.983333;91.2;
83783;31/05/2014;0000;205.4;;13.154839;93.096774;
83783;30/06/2014;0000;325.5;;13.033333;92.983333;
83783;31/07/2014;0000;110.5;;10.664516;91.583333;
83783;31/08/2014;0000;30;;11.822581;85.991935;
83783;30/09/2014;0000;240.7;;14.966667;85.766667;
83783;31/10/2014;0000;96.9;;16.990323;79.282258;
83783;30/11/2014;0000;187.5;;19.15;85.758333;
83783;31/12/2014;0000;234;;18.641935;89.604839;
83783;31/01/2015;0000;367.6;;18.306452;89.080645;
83783;28/02/2015;0000;260.2;;17.6;91.4375;
83783;31/03/2015;0000;104;;17.064516;90.024194;
83783;30/04/2015;0000;36.9;;15.256667;86.6;
83783;31/05/2015;0000;194.6;;12.990323;90.564516;
83783;30/06/2015;0000;57;;11.563333;90.55;
83783;31/07/2015;0000;477.1;;11.383871;92.129032;
83783;31/08/2015;0000;42.4;;15.222581;85.145161;
83783;30/09/2015;0000;267.9;;17.36;87.083333;
83783;31/10/2015;0000;219.1;29.65;18.283871;74.25;
83783;30/11/2015;0000;493.6;27.4;19.003333;87.916667;
83783;31/12/2015;0000;283;28.248276;20.080645;93.145161;
