--------------------
BDMEP - INMET
--------------------
Estação           : CANAVIEIRAS - BA (OMM: 83398)
Latitude  (graus) : -15.66
Longitude (graus) : -38.95
Altitude  (metros): 3.87
Estação Operante
Inicio de operação: 01/01/1930
Periodo solicitado dos dados: 01/01/2000 a 01/01/2016
Os dados listados abaixo são os que encontram-se digitados no BDMEP
Hora em UTC
--------------------
Obs.: Os dados aparecem separados por ; (ponto e vírgula) no formato txt.
      Para o formato planilha XLS, siga as instruções
--------------------
Estacao;Data;Hora;PrecipitacaoTotal;TempMaximaMedia;TempMinimaMedia;UmidadeRelativaMedia;
83398;31/01/2000;0000;79.1;29.690323;22.258065;81.596774;
83398;29/02/2000;0000;160.9;30.186207;22.168966;82.672414;
83398;31/03/2000;0000;189.4;29.648387;21.854839;85.064516;
83398;30/04/2000;0000;319.2;28.9;21.296667;85.808333;
83398;31/05/2000;0000;167;28.151613;19.564516;86.66129;
83398;30/06/2000;0000;106.6;26.813333;18.336667;86.55;
83398;31/07/2000;0000;163.6;26.151613;17.519355;84.177419;
83398;31/08/2000;0000;88.1;26.13871;17.722581;83.919355;
83398;30/09/2000;0000;68;26.943333;19.05;82.475;
83398;31/10/2000;0000;93.6;28.390323;20.522581;77.677419;
83398;30/11/2000;0000;128.9;28.8;22.233333;82.353448;
83398;31/12/2000;0000;221.9;28.941935;22.867742;84.064516;
83398;31/01/2001;0000;86.7;29.809677;21.93871;76.120968;
83398;31/03/2001;0000;113.4;30.074194;22.148387;80.66129;
83398;30/04/2001;0000;112.4;29.593333;21.02;82;
83398;31/05/2001;0000;267.2;28.390323;20.716129;85.66129;
83398;30/06/2001;0000;177.1;27.45;19.176667;84.306667;
83398;31/07/2001;0000;117.5;26.83871;18.6;85.303226;
83398;31/08/2001;0000;130.6;26.467742;18.6;81.177419;
83398;30/09/2001;0000;61.9;26.906667;19.503333;80.236667;
83398;31/10/2001;0000;189.7;27.432258;20.851613;82.662903;
83398;30/11/2001;0000;34.7;29.473333;22.16;80.46;
83398;31/12/2001;0000;262.3;29.125806;22.951613;80.258065;
83398;31/01/2002;0000;225.5;29.119355;22.803226;83.024194;
83398;28/02/2002;0000;116.1;29.785714;22.482143;78.276786;
83398;31/03/2002;0000;234.4;30.080645;22.493548;79.025;
83398;30/04/2002;0000;116.5;29.68;21.926667;82.883333;
83398;31/05/2002;0000;122.3;27.883871;19.941935;82.516129;
83398;30/06/2002;0000;125.7;27.675;19.544444;85.325;
83398;31/07/2002;0000;174.1;26.906452;19.090323;85.274194;
83398;31/08/2002;0000;110.9;26.870968;18.758065;79.733871;
83398;30/09/2002;0000;193.2;27.173333;20.646667;82.416667;
83398;31/10/2002;0000;17.1;28.63;20.623333;76.25;
83398;30/11/2002;0000;84.9;29.02;22.126667;81.375;
83398;31/12/2002;0000;189.3;29.893548;22.206452;81.540323;
83398;31/01/2003;0000;8;31.006452;23.141935;81.875;
83398;28/02/2003;0000;119.7;30.475;22.507692;82.598214;
83398;31/03/2003;0000;137.3;30.419355;22.506452;84.830645;
83398;30/04/2003;0000;182.3;30.22069;22.213333;86.65;
83398;31/05/2003;0000;168.1;28.529032;20.983871;87.233871;
83398;30/06/2003;0000;41.6;27.82;18.64;86.408333;
83398;31/07/2003;0000;141.6;26.453333;18.545161;86.733871;
83398;31/08/2003;0000;107.8;26.243333;19.274194;87.717742;
83398;30/09/2003;0000;40.4;27.393333;19.523333;82.083333;
83398;31/10/2003;0000;124.1;28.132258;20.454839;80.193548;
83398;30/11/2003;0000;75.2;28.744828;21.655172;81.683333;
83398;31/12/2003;0000;53.4;30.35;22.374194;76.145161;
83398;31/01/2004;0000;140.5;29.877419;23.006452;82.4;
83398;29/02/2004;0000;108.5;30.175862;22.775862;83.517241;
83398;31/03/2004;0000;242.9;29.458065;22.658065;87.475806;
83398;30/04/2004;0000;42.2;;;;
83398;31/05/2004;0000;50.2;28.646667;21.02;90.066667;
83398;30/06/2004;0000;200.9;26.982143;19.625;92.071429;
83398;31/07/2004;0000;127.1;26.386957;19.313043;91.782609;
83398;31/08/2004;0000;3;;;;
83398;30/09/2004;0000;38.5;27.476667;18.113333;79.964286;
83398;31/10/2004;0000;93.9;28.348276;20.886207;;
83398;30/11/2004;0000;178.3;28.626667;22.313333;;
83398;31/12/2004;0000;21;29.9875;21.878261;;
83398;31/01/2005;0000;158.2;29.964516;22.790323;;
83398;28/02/2005;0000;145.9;30.289286;22.982143;;
83398;31/03/2005;0000;203;30.767742;23.026667;;
83398;30/04/2005;0000;316.7;29.836667;22.216667;;
83398;31/05/2005;0000;178.7;28.922581;21.090323;;
83398;30/06/2005;0000;472.3;27.82;19.433333;85.15;
83398;31/07/2005;0000;127.3;26.68;18.16;87.3;
83398;31/08/2005;0000;155.2;26.667742;19.274194;86.508065;
83398;30/09/2005;0000;127.3;27.416667;20.693333;86.3;
83398;31/10/2005;0000;51.4;28.819355;20.809677;87.774194;
83398;30/11/2005;0000;264.6;28.43;21.623333;87.975;
83398;31/12/2005;0000;176.2;29.580645;22.2;84.072581;
83398;31/01/2006;0000;100.9;29.974194;22.080645;80.25;
83398;28/02/2006;0000;50.5;30.882143;22.932143;79.392857;
83398;31/03/2006;0000;155.5;30.429032;23.053333;85.862903;
83398;30/04/2006;0000;222.6;29.14;22.56;89.066667;
83398;31/05/2006;0000;163.9;28.154839;19.809677;86.241935;
83398;30/06/2006;0000;244.3;26.573333;18.982759;86.658333;
83398;31/07/2006;0000;66.2;26.374194;17.283871;85.080645;
83398;31/08/2006;0000;79.9;26.745161;18.841935;82.08871;
83398;30/09/2006;0000;116.8;26.863333;19.483333;82.925;
83398;31/10/2006;0000;154.5;27.806452;21.519355;84.645161;
83398;30/11/2006;0000;137.6;28.473333;22.48;83.068966;
83398;31/12/2006;0000;65.7;29.819355;22.258065;82.225806;
83398;31/01/2007;0000;60.7;30.554839;23.096774;80.435484;
83398;28/02/2007;0000;299.6;29.739286;22.928571;85.589286;
83398;31/03/2007;0000;165.2;29.954839;22.209677;82.991935;
83398;30/04/2007;0000;198.8;29.68;21.77;86.591667;
83398;31/05/2007;0000;218.6;28.093548;19.932258;88.16129;
83398;30/06/2007;0000;46.6;27.44;18.023333;85.883333;
83398;31/07/2007;0000;81.9;27.216667;18.13;86.798387;
83398;31/08/2007;0000;91.5;26.93871;17.936667;81.5;
83398;30/09/2007;0000;80.8;27.386667;18.866667;79.625;
83398;31/10/2007;0000;186.2;27.909677;20.503226;79.25;
83398;30/11/2007;0000;206.2;28.626667;21.793333;83.283333;
83398;31/12/2007;0000;200.3;29.396774;22.096774;83.024194;
83398;31/01/2008;0000;147;29.567742;21.945161;77.879032;
83398;29/02/2008;0000;118.3;30.227586;22.148276;81.353448;
83398;31/03/2008;0000;204.5;30.635484;22.419355;82.766129;
83398;30/04/2008;0000;36.7;30.86;21.976667;83.475;
83398;31/05/2008;0000;16;29.512903;19.532258;83.532258;
83398;30/06/2008;0000;197;27.466667;18.94;88.133333;
83398;31/07/2008;0000;96.7;26.754839;17.151613;83.83871;
83398;31/08/2008;0000;66.9;27.132258;17.867742;81.016129;
83398;30/09/2008;0000;45.3;27.58;19.6;79.258333;
83398;31/10/2008;0000;51;28.9;20.596774;76.919355;
83398;30/11/2008;0000;210.2;28.63;22.023333;84.416667;
83398;31/12/2008;0000;209.4;29.2;22.429032;83.798387;
83398;31/01/2009;0000;148.1;30.445161;22.803226;82.75;
83398;28/02/2009;0000;39.4;30.885714;22.428571;79.107143;
83398;31/03/2009;0000;234.3;30.896774;23.019355;82.717742;
83398;30/04/2009;0000;334.2;29.58;22.536667;88.15;
83398;31/05/2009;0000;179.2;28.23871;20.729032;91.22;
83398;30/06/2009;0000;229.9;27.59;19.87;88.375;
83398;31/07/2009;0000;128.4;27.732258;19.032258;84.967742;
83398;31/08/2009;0000;124.9;27.644444;18.912903;82.040323;
83398;30/09/2009;0000;49.6;;20.713333;80.6;
83398;31/10/2009;0000;256.9;;21.716129;84.959677;
83398;30/11/2009;0000;24;;21.726667;79.658333;
83398;31/12/2009;0000;5.5;;22.506452;78.33871;
83398;31/01/2010;0000;39;;22.780645;76.58871;
83398;28/02/2010;0000;195.7;;23.15;80.348214;
83398;31/03/2010;0000;291.9;;24.151724;83.137097;
83398;30/04/2010;0000;182.3;;;81.65;
83398;31/05/2010;0000;158.6;;;84.669355;
83398;30/06/2010;0000;40.4;27.256667;;86.933333;
83398;31/07/2010;0000;241.2;26.993548;;87.467742;
83398;31/08/2010;0000;79.9;26.496774;;83.604839;
83398;30/09/2010;0000;84.1;27.266667;;80.025;
83398;31/10/2010;0000;62.1;28.123333;;84.298387;
83398;30/11/2010;0000;190.5;29.163333;;84.333333;
83398;31/12/2010;0000;242;29.703226;;83.483871;
83398;31/01/2011;0000;176.3;30.293548;;80.798387;
83398;28/02/2011;0000;78.9;30.292857;;79.464286;
83398;31/03/2011;0000;220.5;30.236667;;79.741935;
83398;30/04/2011;0000;332.4;30.046667;;82.8;
83398;31/05/2011;0000;124.1;28.335484;;88.16129;
83398;30/06/2011;0000;92.5;27.226667;;89.8;
83398;31/07/2011;0000;143.4;27.012903;;85.709677;
83398;31/08/2011;0000;92.7;27.325806;;83.943548;
83398;30/09/2011;0000;107.1;27.026667;;81.958333;
83398;31/10/2011;0000;188.8;27.912903;;84.25;
83398;30/11/2011;0000;355.3;27.15;;85.491667;
83398;31/12/2011;0000;72.8;29.135484;;84.548387;
83398;31/01/2012;0000;93.2;30.106667;;79.862903;
83398;29/02/2012;0000;102.5;29.837931;;79.396552;
83398;31/03/2012;0000;171.5;29.664516;;79.532258;
83398;30/04/2012;0000;55.4;29.893333;;78.216667;
83398;31/05/2012;0000;224.9;27.96;;88.41129;
83398;30/06/2012;0000;164.1;27.766667;;91.366667;
83398;31/07/2012;0000;169;27.270968;;86.274194;
83398;31/08/2012;0000;199.2;26.95;;83.241935;
83398;30/09/2012;0000;137;27.246667;;84.116667;
83398;31/10/2012;0000;82.4;28.103226;;81.508065;
83398;30/11/2012;0000;178.2;28.468966;;87.65;
83398;31/12/2012;0000;23.1;30.635484;;78.816667;
83398;31/01/2013;0000;205.2;30.53871;;82.153226;
83398;28/02/2013;0000;135.7;30.325;;80.151786;
83398;31/03/2013;0000;54.3;31.225806;;79.846774;
83398;30/04/2013;0000;114.5;29.67;20.732;86.583333;
83398;31/05/2013;0000;254.2;28.780645;20.309677;87.75;
83398;30/06/2013;0000;401.6;28.12;20.036667;91.466667;
83398;31/07/2013;0000;254.9;27.641935;19.451613;88.451613;
83398;31/08/2013;0000;221.8;27.335484;18.613333;84.209677;
83398;30/09/2013;0000;246.8;27.526667;20.121429;85.483333;
83398;31/10/2013;0000;215.7;27.496774;21.035484;83.782258;
83398;30/11/2013;0000;241.5;28.753333;21.62;82.716667;
83398;31/12/2013;0000;579.3;29.141935;22.2;87.974138;
83398;31/01/2014;0000;191.3;29.877419;22.070968;81.604839;
83398;28/02/2014;0000;164.1;30.221429;21.678571;83.223214;
83398;31/03/2014;0000;287.8;29.803333;22.203226;84.645161;
83398;30/04/2014;0000;100.6;29.853333;21.306667;82.791667;
83398;31/05/2014;0000;126.6;29.016129;20.329032;86.9;
83398;30/06/2014;0000;218.5;27.926667;19.286667;89.458333;
83398;31/07/2014;0000;248.5;26.993548;18.654839;89.862903;
83398;31/08/2014;0000;25.7;27.2;17.6;81.916667;
83398;30/09/2014;0000;43.3;27.733333;19.33;;
83398;31/10/2014;0000;170.6;28.03871;19.9;81.817308;
83398;30/11/2014;0000;165.7;28.48;21.253333;83.508333;
83398;31/12/2014;0000;159.9;29.045161;21.370968;;
83398;31/01/2015;0000;64.6;30.535484;20.890323;79.419355;
83398;28/02/2015;0000;220.3;30.717857;22.089286;82.196429;
83398;31/03/2015;0000;66.9;30.677419;22.074194;78.527778;
83398;30/04/2015;0000;62.3;30.636667;21.44;;
83398;31/05/2015;0000;373.3;28.629032;19.867742;89.08871;
83398;30/06/2015;0000;415.4;;19.913333;90.991667;
83398;31/07/2015;0000;98.7;;18.987097;89.008065;
83398;31/08/2015;0000;184.2;;17.903226;89.596774;
83398;30/09/2015;0000;4.2;;19.933333;77.125;
83398;31/10/2015;0000;55.6;;20.312903;79.016129;
83398;30/11/2015;0000;8.9;;23.01;78.75;
83398;31/12/2015;0000;7.4;;22.129032;;
