--------------------
BDMEP - INMET
--------------------
Estação           : CAPINOPOLIS - MG (OMM: 83514)
Latitude  (graus) : -18.71
Longitude (graus) : -49.55
Altitude  (metros): 620.60
Estação Operante
Inicio de operação: 13/08/1969
Periodo solicitado dos dados: 01/01/2000 a 01/01/2016
Os dados listados abaixo são os que encontram-se digitados no BDMEP
Hora em UTC
--------------------
Obs.: Os dados aparecem separados por ; (ponto e vírgula) no formato txt.
      Para o formato planilha XLS, siga as instruções
--------------------
Estacao;Data;Hora;PrecipitacaoTotal;TempMaximaMedia;TempMinimaMedia;UmidadeRelativaMedia;
83514;31/01/2000;0000;191.1;30.251613;21.267742;82.540323;
83514;29/02/2000;0000;336.7;29.855172;20.97931;85.137931;
83514;31/03/2000;0000;193.6;29.780645;20.593548;84.919355;
83514;30/04/2000;0000;23.2;30.876667;18.32;71.783333;
83514;31/05/2000;0000;0;29.190323;15.877419;68.516129;
83514;30/06/2000;0000;0;29.5;15.6;61.625;
83514;31/07/2000;0000;11.6;27.780645;13.180645;57.290323;
83514;31/08/2000;0000;13.6;31.677419;17.012903;50.612903;
83514;30/09/2000;0000;45.2;30.44;19.223333;67.433333;
83514;31/10/2000;0000;41.5;34.751613;21.135484;55.709677;
83514;30/11/2000;0000;304.5;30.203333;20.303333;74.908333;
83514;31/12/2000;0000;407;30.377419;20.770968;81.096774;
83514;31/01/2001;0000;176;30.696774;20.083871;78.943548;
83514;28/02/2001;0000;30.1;32.45;20.757143;76.321429;
83514;31/03/2001;0000;171.7;31.483871;20.222581;77.645161;
83514;30/04/2001;0000;104.7;31.796667;19.513333;66.958333;
83514;31/05/2001;0000;107.2;28.158065;15.6;69.129032;
83514;30/06/2001;0000;3.4;27.016667;14.653333;67.016667;
83514;31/07/2001;0000;0;29.493548;15.641935;56.362903;
83514;31/08/2001;0000;12.4;30.103226;15.812903;51.814516;
83514;30/09/2001;0000;43.7;32.17;19.186207;53.441667;
83514;31/10/2001;0000;144.7;30.922581;19.358065;66.870968;
83514;30/11/2001;0000;157.9;31.003333;20.303333;77.891667;
83514;31/12/2001;0000;238.1;30.012903;20.119355;79.791667;
83514;31/01/2002;0000;179.9;30.353333;20.448387;79.653226;
83514;28/02/2002;0000;401.2;29.266667;20.5;87.178571;
83514;31/03/2002;0000;130;31.33871;20.532258;77.701613;
83514;30/04/2002;0000;15.3;32.77931;19.943333;64.333333;
83514;31/05/2002;0000;41.9;30.073333;17.826667;68.806452;
83514;30/06/2002;0000;0;29.843333;16.783333;57.558333;
83514;31/07/2002;0000;0.8;29.193548;15.729032;60.306452;
83514;31/08/2002;0000;6.2;31.986667;18.303333;51.583333;
83514;30/09/2002;0000;50.3;30.906667;18.470968;55.416667;
83514;31/10/2002;0000;64.9;35.980645;21.580645;48.733871;
83514;30/11/2002;0000;83.3;31.82;20.856667;70.491667;
83514;31/12/2002;0000;250.9;32.106452;21.390323;74.967742;
83514;31/01/2003;0000;336.9;29.493548;21.341935;87.25;
83514;28/02/2003;0000;147.2;31.125;20.764286;80.446429;
83514;31/03/2003;0000;249.5;29.5;20.387097;82.233871;
83514;30/04/2003;0000;124.2;29.916667;19.776667;75.766667;
83514;31/05/2003;0000;20.5;27.703226;15.674194;67.919355;
83514;30/06/2003;0000;67.4;29.056667;16.566667;62.125;
83514;31/07/2003;0000;0;28.803226;15.248387;54.435484;
83514;31/08/2003;0000;20.1;29.687097;15.587097;52.741935;
83514;30/09/2003;0000;36.2;33.06;18.96;51.941667;
83514;31/10/2003;0000;60.8;31.912903;20.193548;60.056452;
83514;30/11/2003;0000;149.1;30.853333;20.283333;73.866667;
83514;31/12/2003;0000;213.1;31.980645;21.277419;72.379032;
83514;31/01/2004;0000;274.2;29.616129;20.874194;83.048387;
83514;29/02/2004;0000;336.9;28.868966;20.396552;84.224138;
83514;31/03/2004;0000;94.2;30.964516;20.080645;75.443548;
83514;30/04/2004;0000;183.3;30.21;19.78;77.533333;
83514;31/05/2004;0000;13.6;27.56129;16.732258;73.862903;
83514;30/06/2004;0000;8.1;27.48;14.651724;64.560345;
83514;31/07/2004;0000;29.2;27.693548;15.145161;62.274194;
83514;31/08/2004;0000;0.1;31.274194;16.277419;44.064516;
83514;30/09/2004;0000;1;34.786667;20.13;36.241667;
83514;31/10/2004;0000;258.1;31.03871;19.625806;66.16129;
83514;30/11/2004;0000;115.8;31.216667;20.793333;68.283333;
83514;31/12/2004;0000;212.5;30.841935;21.009677;77.532258;
83514;31/01/2005;0000;497.8;29.916129;21.36129;84.548387;
83514;28/02/2005;0000;40.8;31.825;20.642857;71.410714;
83514;31/03/2005;0000;282.2;30.890323;20.864516;79.83871;
83514;30/04/2005;0000;14.9;31.42;20.336667;69.991667;
83514;31/05/2005;0000;49.1;28.793548;17.506452;66.016129;
83514;30/06/2005;0000;17.3;28.076667;17;67.225;
83514;31/07/2005;0000;0;28.012903;15.309677;59.677419;
83514;31/08/2005;0000;30.1;30.848387;16.741935;47.58871;
83514;30/09/2005;0000;82.2;31.826667;19.12;59.908333;
83514;31/10/2005;0000;94.9;33.577419;21.112903;61.419355;
83514;30/11/2005;0000;287.5;30.233333;20.583333;77.125;
83514;31/12/2005;0000;211.9;29.632258;20.290323;81.459677;
83514;31/01/2006;0000;137.1;30.435484;20.654839;74.153226;
83514;28/02/2006;0000;243.3;30.085714;20.875;84.321429;
83514;31/03/2006;0000;158;30.187097;21.174194;83.83871;
83514;30/04/2006;0000;158.4;30.143333;19.976667;76.433333;
83514;31/05/2006;0000;15.6;27.935484;14.73871;63.653226;
83514;30/06/2006;0000;0;27.906667;15.513333;58.966667;
83514;31/07/2006;0000;0;29.522581;15.587097;52.677419;
83514;31/08/2006;0000;4.8;32.148387;17.612903;48.290323;
83514;30/09/2006;0000;23.4;31.953333;18.703333;55.875;
83514;31/10/2006;0000;191.8;30.132258;20.2;77.040323;
83514;30/11/2006;0000;235.4;30.75;19.983333;74.825;
83514;31/12/2006;0000;399.5;29.906452;21.077419;84.782258;
83514;31/01/2007;0000;506.6;29.993548;21.1;85.709677;
83514;28/02/2007;0000;123.1;30.760714;20.860714;81.714286;
83514;31/03/2007;0000;93.1;31.929032;20.519355;70.193548;
83514;30/04/2007;0000;7.3;31.703333;20.076667;69.658333;
83514;31/05/2007;0000;23.8;29.067742;16.658065;62.25;
83514;30/06/2007;0000;7.8;29.123333;15.406667;57.333333;
83514;31/07/2007;0000;27.1;29.383871;15.019355;57.903226;
83514;31/08/2007;0000;0;31.048387;16.493548;43.790323;
83514;30/09/2007;0000;1;33.95;19.963333;38.966667;
83514;31/10/2007;0000;105.4;34.551613;20.919355;54.516129;
83514;30/11/2007;0000;62.6;32.146667;20.446667;68.883333;
83514;31/12/2007;0000;271.5;30.912903;20.583871;75.524194;
83514;31/01/2008;0000;326.8;29.345161;20.425806;83.693548;
83514;29/02/2008;0000;357.7;28.848276;19.955172;84.844828;
83514;31/03/2008;0000;135.2;29.558065;20.235484;83.209677;
83514;30/04/2008;0000;121.6;29.81;19.673333;79.45;
83514;31/05/2008;0000;111.6;27.683871;16.5;70.395161;
83514;30/06/2008;0000;0.6;28.696667;16.433333;64.133333;
83514;31/07/2008;0000;0;28.916129;14.829032;47.467742;
83514;31/08/2008;0000;1.8;31.783871;17.567742;44.177419;
83514;30/09/2008;0000;3.6;33.14;17.923333;43.5;
83514;31/10/2008;0000;200.6;32.351613;20.512903;62.306452;
83514;30/11/2008;0000;47.6;31.276667;20.283333;73.008333;
83514;31/12/2008;0000;320.6;30.964516;20.493548;74.677419;
83514;31/01/2009;0000;378.5;30.077419;20.322581;78.556452;
83514;28/02/2009;0000;152;30.507143;20.525;81.107143;
83514;31/03/2009;0000;109.1;30.56129;21.012903;79.943548;
83514;30/04/2009;0000;131.7;30.046667;18.72;73.583333;
83514;31/05/2009;0000;43.9;29.348387;17.174194;70.483871;
83514;30/06/2009;0000;17.1;27.276667;14.9;66.6;
83514;31/07/2009;0000;8.2;30.370968;16.077419;58.669355;
83514;31/08/2009;0000;24.7;30.345161;17.383871;68.879032;
83514;30/09/2009;0000;235.7;31.676667;20.053333;70.783333;
83514;31/10/2009;0000;83.9;31.383871;20.251613;77.362903;
83514;30/11/2009;0000;174.4;32.21;21.656667;76.916667;
83514;31/12/2009;0000;402.8;29.206452;20.496774;85.774194;
83514;31/01/2010;0000;284;30.187097;21.022581;82.677419;
83514;28/02/2010;0000;207.8;31.728571;21.021429;81.205357;
83514;31/03/2010;0000;108.5;31.390323;20.645161;78.491935;
83514;30/04/2010;0000;81.7;30.073333;18.636667;68.866667;
83514;31/05/2010;0000;15.2;28.816129;16.054839;62.435484;
83514;30/06/2010;0000;17.1;28.9;14.86;57.891667;
83514;31/07/2010;0000;4.7;29.674194;16.803226;51.387097;
83514;31/08/2010;0000;0;31.583871;16.012903;38.080645;
83514;30/09/2010;0000;28.6;34.26;20.216667;42.708333;
83514;31/10/2010;0000;111.9;32.835484;19.535484;61.725806;
83514;30/11/2010;0000;194.3;31.253333;19.783333;75.666667;
83514;31/12/2010;0000;165.6;31.393548;20.883333;79.370968;
83514;31/01/2011;0000;256.7;30.222581;20.56129;83.153226;
83514;28/02/2011;0000;202.4;31.103571;20.675;80.955357;
83514;31/03/2011;0000;517.6;29.774194;20.706452;85.620968;
83514;30/04/2011;0000;57.6;30.613333;19.316667;73.216667;
83514;31/05/2011;0000;0;29.048387;16.554839;66.112903;
83514;30/06/2011;0000;34.9;27.643333;14.73;64.216667;
83514;31/07/2011;0000;0;29.887097;16.029032;54.564516;
83514;31/08/2011;0000;4.6;32.445161;17.096774;45.556452;
83514;30/09/2011;0000;7.6;34.27;18.87;39.008333;
83514;31/10/2011;0000;161.2;30.93871;19.922581;71.379032;
83514;30/11/2011;0000;132.1;31.103333;19.303333;66.95;
83514;31/12/2011;0000;136.5;30.629032;20.567742;78.959677;
83514;31/01/2012;0000;307.8;28.7;19.658065;86.225806;
83514;29/02/2012;0000;175.8;31.096552;19.737931;75.103448;
83514;31/03/2012;0000;173.4;31.590323;20.296774;74.290323;
83514;30/04/2012;0000;48.7;30.64;19.763333;77.791667;
83514;31/05/2012;0000;26.7;27.719355;16.783871;71.669355;
83514;30/06/2012;0000;68.2;28.55;17.196667;69.833333;
83514;31/07/2012;0000;2.4;28.674194;15.341935;55.862903;
83514;31/08/2012;0000;0;29.996774;17.012903;44.653226;
83514;30/09/2012;0000;29.6;33.903333;19.63;42.625;
83514;31/10/2012;0000;65.3;35.170968;21.090323;51.346774;
83514;30/11/2012;0000;120;31.88;21.01;73.125;
83514;31/12/2012;0000;245.2;32.083871;21.041935;74.685484;
83514;31/01/2013;0000;369.9;29.780645;20.809677;83.935484;
83514;28/02/2013;0000;185.3;30.746429;20.282143;79.053571;
83514;31/03/2013;0000;174.4;30.848387;20.790323;79.782258;
83514;30/04/2013;0000;122.7;29.076667;18.933333;75.208333;
83514;31/05/2013;0000;49.8;29.416129;16.448387;66.112903;
83514;30/06/2013;0000;14.9;28.926667;17.25;70.625;
83514;31/07/2013;0000;1.9;28.548387;15.393548;56.524194;
83514;31/08/2013;0000;0;30.5;15.525806;44.604839;
83514;30/09/2013;0000;46.6;32.74;18.64;50.191667;
83514;31/10/2013;0000;101.1;32.451613;19.883871;62.096774;
83514;30/11/2013;0000;202.8;31.513333;20.313333;72.841667;
83514;31/12/2013;0000;217.4;30.903226;20.932258;81.362903;
83514;31/01/2014;0000;103.9;32.035484;20.090323;74.387097;
83514;28/02/2014;0000;137.1;;20.310714;71.866071;
83514;31/03/2014;0000;235.3;;20.33871;78.225806;
83514;30/04/2014;0000;29.9;;19.703333;76.341667;
83514;31/05/2014;0000;0;;16.46129;66.072581;
83514;30/06/2014;0000;4.6;;16.66;61.116667;
83514;31/07/2014;0000;91.4;;15.945161;59.096774;
83514;31/08/2014;0000;0;;17.283871;45.379032;
83514;30/09/2014;0000;62.2;;19.316667;55.108333;
83514;31/10/2014;0000;79.5;;20.619355;46.798387;
83514;30/11/2014;0000;142.2;;20.553333;76.041667;
83514;31/12/2014;0000;168.3;;20.609677;80.717742;
83514;31/01/2015;0000;164.2;;20.825806;71.66129;
83514;28/02/2015;0000;326;30.814286;20.489286;79.357143;
83514;31/03/2015;0000;239.8;29.896774;20.303226;83.064516;
83514;30/04/2015;0000;82;30.61;20.493333;78.183333;
83514;31/05/2015;0000;153.6;27.574194;17.729032;77.387097;
83514;30/06/2015;0000;11.9;28.293333;16.843333;68.175;
83514;31/07/2015;0000;18.1;29.080645;16.974194;62.064516;
83514;31/08/2015;0000;0;31.874194;17.151613;45.185484;
83514;30/09/2015;0000;79.9;33.873333;20.32;55.483333;
83514;31/10/2015;0000;46.7;36.090323;21.948387;54.282258;
83514;30/11/2015;0000;202.4;32.85;21.283333;74.308333;
83514;31/12/2015;0000;205.8;32.029032;21.13871;76.258065;
