--------------------
BDMEP - INMET
--------------------
Estação           : CAXIAS DO SUL - RS (OMM: 83942)
Latitude  (graus) : -29.16
Longitude (graus) : -51.2
Altitude  (metros): 759.60
Estação Operante
Inicio de operação: 12/04/1912
Periodo solicitado dos dados: 01/01/2000 a 01/01/2016
Os dados listados abaixo são os que encontram-se digitados no BDMEP
Hora em UTC
--------------------
Obs.: Os dados aparecem separados por ; (ponto e vírgula) no formato txt.
      Para o formato planilha XLS, siga as instruções
--------------------
Estacao;Data;Hora;PrecipitacaoTotal;TempMaximaMedia;TempMinimaMedia;UmidadeRelativaMedia;
83942;31/01/2000;0000;165.8;25.945161;17.229032;78.967742;
83942;29/02/2000;0000;128;25.703448;17.210345;78.887931;
83942;31/03/2000;0000;116;24.519355;15.022581;80.580645;
83942;30/04/2000;0000;111.7;22.726667;14.526667;77.883333;
83942;31/05/2000;0000;57.3;17.829032;10.403226;77.725806;
83942;30/06/2000;0000;197.4;18.753333;11.23;77.9;
83942;31/07/2000;0000;131.2;15.509677;6.248387;70.241935;
83942;31/08/2000;0000;108.9;19.222581;8.825806;69.854839;
83942;30/09/2000;0000;204.4;19.786667;9.936667;77.125;
83942;31/10/2000;0000;266.5;22.6;13.935484;81.322581;
83942;30/11/2000;0000;153.6;23.806667;13.82;76.016667;
83942;31/12/2000;0000;174.8;25.496774;16.283871;76.975806;
83942;30/09/2001;0000;88.8;;;;
83942;31/10/2001;0000;120.3;25;14.493333;75.403846;
83942;30/11/2001;0000;214.4;24.786207;15.48;78.603448;
83942;31/12/2001;0000;102.3;25.171429;15.207143;76.944444;
83942;31/01/2002;0000;159;26.232258;17.283871;77.225;
83942;28/02/2002;0000;119.3;25.8;15.964286;78.62037;
83942;31/03/2002;0000;138;27.612903;18.909677;82.91129;
83942;30/04/2002;0000;157.2;23.446667;14.933333;85.068966;
83942;31/05/2002;0000;130.7;20.432258;13.316129;85.33871;
83942;30/06/2002;0000;244.9;16.9;10.033333;85.241667;
83942;31/07/2002;0000;184.9;17.296774;9.051613;79.201613;
83942;31/08/2002;0000;175.5;20.153333;11.503226;76.016129;
83942;30/09/2002;0000;160.6;19.186667;9.413333;74.233333;
83942;31/10/2002;0000;302.9;23.603226;14.803226;80.903226;
83942;30/11/2002;0000;204.2;24.986667;15.173333;75.566667;
83942;31/12/2002;0000;248;25.6;16.645161;78.895161;
83942;31/01/2003;0000;152.5;26.522581;17.464516;76.685484;
83942;28/02/2003;0000;307.5;27.157143;18.7;79.651786;
83942;31/03/2003;0000;139.8;25.551613;16.832258;81.5;
83942;30/04/2003;0000;115.2;22.04;13.76;78.233333;
83942;31/05/2003;0000;78.5;19.212903;11.303226;74.959677;
83942;30/06/2003;0000;154.5;19.572414;11.793333;84.725;
83942;31/07/2003;0000;165.3;17.683871;9.412903;80.822581;
83942;31/08/2003;0000;62.7;18.006667;7.903226;71.83871;
83942;30/09/2003;0000;77.7;20.54;9.806667;;
83942;31/10/2003;0000;192;23.106452;12.780645;;
83942;30/11/2003;0000;189.6;24.39;13.82;;
83942;31/12/2003;0000;334.9;24.354839;14.664516;75.637097;
83942;31/01/2004;0000;64.2;26.709677;16.890323;76.096774;
83942;29/02/2004;0000;78.6;25.503448;16.082759;75.551724;
83942;31/03/2004;0000;39.4;24.990323;15.522581;75.991935;
83942;30/04/2004;0000;77.2;24.62;15.506667;77.108333;
83942;31/05/2004;0000;204.4;16.432258;9.709677;87.983871;
83942;30/06/2004;0000;58.3;18.846667;11.133333;79.083333;
83942;31/07/2004;0000;168.8;16.419355;7.509677;77.451613;
83942;31/08/2004;0000;38.1;19.896774;9.696774;73.66129;
83942;30/09/2004;0000;164.7;22.18;12.85;75.833333;
83942;31/10/2004;0000;185.2;22.03871;11.296774;72.282258;
83942;30/11/2004;0000;163;23.186667;13.526667;76.216667;
83942;31/12/2004;0000;51.9;25.332258;15.335484;74.016129;
83942;31/01/2005;0000;45.5;28.387097;17.625806;68.669355;
83942;28/02/2005;0000;92.9;27.3;17.014286;74.294643;
83942;31/03/2005;0000;100.7;25.858065;16.587097;75.459677;
83942;30/04/2005;0000;225.5;21.64;14.046667;86.208333;
83942;31/05/2005;0000;194.1;20.870968;12.929032;78.524194;
83942;30/06/2005;0000;127.7;19.36;12.83;84.883333;
83942;31/07/2005;0000;123.3;17.322581;8.6;76.201613;
83942;31/08/2005;0000;212.6;19.883871;10.690323;77.637097;
83942;30/09/2005;0000;171.5;16.333333;8.36;82.575;
83942;31/10/2005;0000;322.7;20.893548;12.258065;85.08871;
83942;30/11/2005;0000;94.8;24.913333;14.133333;71.316667;
83942;31/12/2005;0000;55.9;25.493548;14.306452;72.177419;
83942;31/01/2006;0000;144.1;27.574194;17.893548;78.217742;
83942;28/02/2006;0000;179.4;25.914286;16.678571;80.080357;
83942;31/03/2006;0000;174.4;25.516129;16.283871;78.91129;
83942;30/04/2006;0000;46.5;21.72;13.063333;78;
83942;31/05/2006;0000;107.7;16.754839;8.529032;84.201613;
83942;30/06/2006;0000;185.5;18.42;9.65;81.733333;
83942;31/07/2006;0000;203.3;19.167742;11.183871;79.701613;
83942;31/08/2006;0000;96.8;19.303226;9.503226;70.314516;
83942;30/09/2006;0000;96;19.776667;8.96;72.15;
83942;31/10/2006;0000;60.6;23.767742;12.274194;76.137097;
83942;30/11/2006;0000;187.6;22.73;13.4;75.741667;
83942;31/12/2006;0000;87.2;27.906452;17.383871;71.330645;
83942;31/01/2007;0000;112.2;26.596774;17.435484;78;
83942;28/02/2007;0000;205.9;26.728571;17.303571;73.6875;
83942;31/03/2007;0000;150.2;26.664516;18.203226;81.25;
83942;30/04/2007;0000;85.7;24.026667;15.353333;79.533333;
83942;31/05/2007;0000;186.8;16.425806;8.609677;82.701613;
83942;30/06/2007;0000;61.5;18;9.793333;74.408333;
83942;31/07/2007;0000;272.5;15.935484;6.509677;74.758065;
83942;31/08/2007;0000;131.7;18.56129;8.070968;74.983871;
83942;30/09/2007;0000;271;22.686667;13.323333;73.108333;
83942;31/10/2007;0000;96.3;23.045161;13.909677;78.040323;
83942;30/11/2007;0000;182.1;22.953333;12.313333;71.266667;
83942;31/12/2007;0000;204;26.670968;15.509677;73.870968;
83942;31/01/2008;0000;75.5;26.412;16.329032;74.177419;
83942;29/02/2008;0000;94.7;;16.22069;75.732759;
83942;31/03/2008;0000;86.5;25.416129;16.177419;77.556452;
83942;30/04/2008;0000;79.4;21.913333;12.903333;75.666667;
83942;31/05/2008;0000;190.9;19.029032;10.419355;75.08871;
83942;30/06/2008;0000;131.2;15.94;7.833333;78.958333;
83942;31/07/2008;0000;71.7;19.783871;11.245161;77.120968;
83942;31/08/2008;0000;189.2;19.122581;9.477419;76.104839;
83942;30/09/2008;0000;166.1;18.016667;8.413333;75.516667;
83942;31/10/2008;0000;276.4;20.8;12.274194;80.798387;
83942;30/11/2008;0000;69.6;24.373333;14.06;75.475;
83942;31/12/2008;0000;105.6;25.564516;14.854839;73.814516;
83942;31/01/2009;0000;242.6;25.103226;15.83871;77.653226;
83942;28/02/2009;0000;150.3;26.2;17.514286;80.276786;
83942;31/03/2009;0000;58.3;25.654839;16.570968;80.612903;
83942;30/04/2009;0000;43.4;23.413333;13.556667;76.3;
83942;31/05/2009;0000;109;20.583871;11.322581;77.435484;
83942;30/06/2009;0000;82.3;15.46;7.253333;79.275;
83942;31/07/2009;0000;104.5;16.088;6.509677;76.741935;
83942;31/08/2009;0000;252.5;20.896774;10.309677;78.024194;
83942;30/09/2009;0000;421.7;19.026667;10.28;84.441667;
83942;31/10/2009;0000;146.2;21.993548;11.519355;78.354839;
83942;30/11/2009;0000;302.2;26.236667;17.2;82.241667;
83942;31/12/2009;0000;187.8;26.012903;16.425806;80.314516;
83942;31/01/2010;0000;305.8;26.425806;17.76129;82.564516;
83942;28/02/2010;0000;111.4;28;18.825;77.107143;
83942;31/03/2010;0000;106.7;24.677419;16.383871;83.669355;
83942;30/04/2010;0000;149.8;21.84;13.406667;81.2;
83942;31/05/2010;0000;155.9;17.006452;11;87.459677;
83942;30/06/2010;0000;110.7;17.313333;9.32;81.475;
83942;31/07/2010;0000;224.6;17.8;8.890323;76.975806;
83942;31/08/2010;0000;56.7;17.564516;8.832258;76.008065;
83942;30/09/2010;0000;208.2;20.006667;11.606667;75.908333;
83942;31/10/2010;0000;73.1;20.093548;11.251613;76.145161;
83942;30/11/2010;0000;116.1;23.423333;13.413333;73.116667;
83942;31/12/2010;0000;63.6;25.574194;15.967742;73.540323;
83942;31/01/2011;0000;201.9;27.206452;18.606452;81.322581;
83942;28/02/2011;0000;179.6;25.2;18.092857;85.839286;
83942;31/03/2011;0000;204;24.329032;15.664516;79.709677;
83942;30/04/2011;0000;156.1;22.34;14.22;79.891667;
83942;31/05/2011;0000;76.4;17.825806;10.983871;82.137097;
83942;30/06/2011;0000;171.2;15.706667;8.633333;79.333333;
83942;31/07/2011;0000;299.5;16.287097;8.922581;79.427419;
83942;31/08/2011;0000;274.9;17.306452;8.741935;78.266129;
83942;30/09/2011;0000;88.2;20.586667;9.966667;70.45;
83942;31/10/2011;0000;113.9;22.483871;13.03871;73.846774;
83942;30/11/2011;0000;21.5;24.746667;13.933333;70.5;
83942;31/12/2011;0000;60.2;25.241935;15.277419;71.362903;
83942;31/01/2012;0000;252.4;26.4;16.83871;74.040323;
83942;29/02/2012;0000;195.9;28.510345;19.337931;75.646552;
83942;31/03/2012;0000;80.8;25.548387;16.006452;72.346774;
83942;30/04/2012;0000;93.6;21.533333;13.326667;78.541667;
83942;31/05/2012;0000;41.5;21.090323;11.948387;72.685484;
83942;30/06/2012;0000;83;17.676667;9.52;77.066667;
83942;31/07/2012;0000;203.6;15.948387;7.658065;78.943548;
83942;31/08/2012;0000;68.1;22.377419;12.780645;69.120968;
83942;30/09/2012;0000;218.2;21.326667;11.393333;73.633333;
83942;31/10/2012;0000;205.2;23.725806;14.683871;76.451613;
83942;30/11/2012;0000;70.6;25.43;15.06;67.766667;
83942;31/12/2012;0000;253.3;27.593548;18.180645;75.66129;
83942;31/01/2013;0000;131.6;25.716129;15.709677;74.241935;
83942;28/02/2013;0000;157.3;25.7;17.185714;80.964286;
83942;31/03/2013;0000;159.9;22.232258;14.780645;83.330645;
83942;30/04/2013;0000;93.3;22.783333;13.566667;78.458333;
83942;31/05/2013;0000;110.8;19.532258;11.4;79.306452;
83942;30/06/2013;0000;144.9;17.086667;9.993333;86.15;
83942;31/07/2013;0000;82.3;17.5;8.26129;75.717742;
83942;31/08/2013;0000;373.6;17.029032;8.187097;77.991935;
83942;30/09/2013;0000;186.2;20.35;10.96;76.116667;
83942;31/10/2013;0000;140.5;21.777419;12.025806;76.298387;
83942;30/11/2013;0000;284.9;25.33;14.593333;70.625;
83942;31/12/2013;0000;185.2;27.793548;17.245161;72.766129;
83942;31/01/2014;0000;163.1;28.719355;19.193548;73.645161;
83942;28/02/2014;0000;231.5;29.121429;18.635714;73.223214;
83942;31/03/2014;0000;145.1;24.625806;16.283871;79.887097;
83942;30/04/2014;0000;111.4;22.163333;14.18;80.641667;
83942;31/05/2014;0000;115.3;18.448387;11.032258;84.604839;
83942;30/06/2014;0000;287.4;16.82;10.18;85.325;
83942;31/07/2014;0000;166.3;18.151613;9.664516;77.685484;
83942;31/08/2014;0000;98.1;20.964516;10.058065;70.951613;
83942;30/09/2014;0000;177.2;21.1;12.473333;80.366667;
83942;31/10/2014;0000;209.1;24.322581;14.283871;76.516129;
83942;30/11/2014;0000;122.5;25.496667;15.453333;72.891667;
83942;31/12/2014;0000;210;26.370968;17.012903;78.201613;
83942;31/01/2015;0000;168.6;27.858065;18.477419;77.91129;
83942;28/02/2015;0000;80;26.860714;17.707143;80.928571;
83942;31/03/2015;0000;94.1;25.3;16.554839;81.241935;
83942;30/04/2015;0000;159.8;22.77;14.126667;81.741667;
83942;31/05/2015;0000;148.1;19.796774;12.354839;82.741935;
83942;30/06/2015;0000;215.9;18.34;10.106667;76.975;
83942;31/07/2015;0000;272.1;17.745161;10.419355;84.120968;
83942;31/08/2015;0000;117.5;23.329032;14.741935;69.233871;
83942;30/09/2015;0000;279.4;20.08;12.08;79.3;
83942;31/10/2015;0000;370.9;20.812903;13.335484;85.435484;
83942;30/11/2015;0000;127.1;22.846667;14.806667;81.15;
83942;31/12/2015;0000;223.9;25.696774;17.8;82.645161;
