--------------------
BDMEP - INMET
--------------------
Estação           : CRUZEIRO DO SUL - AC (OMM: 82704)
Latitude  (graus) : -7.6
Longitude (graus) : -72.66
Altitude  (metros): 170.00
Estação Operante
Inicio de operação: 01/01/1928
Periodo solicitado dos dados: 01/01/2000 a 01/01/2016
Os dados listados abaixo são os que encontram-se digitados no BDMEP
Hora em UTC
--------------------
Obs.: Os dados aparecem separados por ; (ponto e vírgula) no formato txt.
      Para o formato planilha XLS, siga as instruções
--------------------
Estacao;Data;Hora;PrecipitacaoTotal;TempMaximaMedia;TempMinimaMedia;UmidadeRelativaMedia;
82704;31/01/2000;0000;331.1;32.222581;21.758065;83.895161;
82704;29/02/2000;0000;252.3;32.213793;21.551724;82.103448;
82704;31/03/2000;0000;245.5;32.615385;21.753846;82.42;
82704;30/04/2000;0000;396;31.826667;21.613333;83.508333;
82704;31/05/2000;0000;122.1;31.932258;20.922581;81.516129;
82704;30/06/2000;0000;115.8;31.936667;20.736667;81.683333;
82704;31/07/2000;0000;141.7;30.780645;18.648387;80.540323;
82704;31/08/2000;0000;134.2;32.896774;20.554839;85.532258;
82704;30/09/2000;0000;185.5;33.393103;20.817241;85.456897;
82704;31/10/2000;0000;166.7;33.935484;21.677419;88.774194;
82704;30/11/2000;0000;108.5;33.81;22.653333;89.1;
82704;31/12/2000;0000;115.1;33.454839;22.374194;90.153226;
82704;31/01/2001;0000;224.1;31.925806;21.9;92.483871;
82704;28/02/2001;0000;169.2;32.564286;22.225;92.732143;
82704;31/03/2001;0000;182.5;32.56129;22.245161;92.967742;
82704;30/04/2001;0000;249.4;33.1;22.09;92.925;
82704;31/05/2001;0000;200.7;32.503333;21.646667;92.775862;
82704;30/06/2001;0000;58.6;30.483333;19.366667;91;
82704;31/07/2001;0000;158.2;30.577419;20.625806;89.75;
82704;31/08/2001;0000;34.9;32.977419;20.745161;85.066667;
82704;30/09/2001;0000;63.6;31.873077;21.388462;89.27;
82704;31/10/2001;0000;182.1;32.558065;22.635484;89.354839;
82704;30/11/2001;0000;170;32.026667;23.356667;90.733333;
82704;31/12/2001;0000;241.6;31.058621;22.634615;86.879032;
82704;31/01/2002;0000;228.3;31.203448;22.7;85.120968;
82704;28/02/2002;0000;305.1;31.347826;22.704;86.535714;
82704;31/03/2002;0000;210;31.524138;22.822581;86.016129;
82704;30/04/2002;0000;302.6;31.085714;22.693103;86.375;
82704;31/05/2002;0000;182.7;31.083333;22.578571;86.016129;
82704;30/06/2002;0000;28.3;30.243333;20.586667;87.516667;
82704;31/07/2002;0000;47.3;30.087097;20.796774;87.733871;
82704;31/08/2002;0000;38.8;31.993548;21.470968;84.5;
82704;30/09/2002;0000;107.6;32.4;21.736667;82.575;
82704;31/10/2002;0000;173.2;32.33871;22.522581;84.322581;
82704;30/11/2002;0000;154.1;31.08;22.22;88.9;
82704;31/12/2002;0000;205.6;30.26129;22.922581;87.604839;
82704;31/01/2003;0000;261.9;31.622581;22.6;84.258621;
82704;28/02/2003;0000;258.2;30.866667;22.803571;86.785714;
82704;31/03/2003;0000;397.8;31.18;22.66129;86.129032;
82704;30/04/2003;0000;167.9;31.246667;22.466667;84.966667;
82704;31/05/2003;0000;283;30.55;22.329032;86.024194;
82704;30/06/2003;0000;215.5;31.003333;22.173333;86;
82704;31/07/2003;0000;62.8;31.065517;20.617241;80.508621;
82704;31/08/2003;0000;105.4;31.244444;20.718519;79.203704;
82704;30/09/2003;0000;199.1;31.578571;21.128571;80.009615;
82704;31/10/2003;0000;65;32.789655;22.648276;80.568966;
82704;30/11/2003;0000;161;31.921429;22.307143;83.548077;
82704;31/12/2003;0000;160.2;31.918519;22.933333;83.203704;
82704;31/01/2004;0000;186.1;31.523077;22.938462;84.93;
82704;29/02/2004;0000;61.8;30.888235;22.758824;84.833333;
82704;31/03/2004;0000;255.7;31.270968;22.964516;86.419355;
82704;30/04/2004;0000;172.3;31.5;22.706667;87.066667;
82704;31/05/2004;0000;260;28.923333;20.882143;86.431034;
82704;30/06/2004;0000;55.3;29.586667;20.462963;85.491071;
82704;31/07/2004;0000;92.1;30.064286;20.711538;82.596154;
82704;31/08/2004;0000;104.2;31.448387;20.388889;82.928571;
82704;30/09/2004;0000;67.9;31.685185;21.016667;80.010417;
82704;31/10/2004;0000;250.2;31.987097;22.6;85.037037;
82704;30/11/2004;0000;418;31.353571;22.573077;86.77;
82704;31/12/2004;0000;236.7;31.306452;22.658065;82.072917;
82704;31/01/2005;0000;125.1;31.725806;23.06;84.238095;
82704;28/02/2005;0000;315.7;31.08;22.916;85.764706;
82704;31/03/2005;0000;403;31.141935;23.032258;85.190476;
82704;30/04/2005;0000;300;31.015385;22.465385;85.921053;
82704;31/05/2005;0000;109.4;31.314286;22.392593;82.166667;
82704;30/06/2005;0000;62.6;31.144;21.816667;82.5125;
82704;31/07/2005;0000;11.2;31.83871;18.990323;73.815217;
82704;31/08/2005;0000;48;33.658065;20.803226;70.758065;
82704;30/09/2005;0000;39.6;33.506667;20.04;73.15;
82704;31/10/2005;0000;170.4;33.080645;22.66129;79.33871;
82704;30/11/2005;0000;179.2;32.12;22.673333;82.091667;
82704;31/12/2005;0000;219.6;31.335484;22.622581;82.508065;
82704;31/01/2006;0000;123.4;31.422581;22.622581;82.669355;
82704;28/02/2006;0000;164.5;31.489286;22.732143;83.973214;
82704;31/03/2006;0000;239.2;31.125806;22.712903;85.620968;
82704;30/04/2006;0000;100.6;31.05;22.293333;84.266667;
82704;31/05/2006;0000;77.3;30.054839;20.012903;77.604839;
82704;30/06/2006;0000;122.3;31.426667;21.506667;81.358333;
82704;31/07/2006;0000;124.3;32.203226;20.541935;75.596774;
82704;31/08/2006;0000;104.8;32.916129;21.235484;81.580645;
82704;30/09/2006;0000;97.4;33.05;21.523333;75.2;
82704;31/10/2006;0000;274.3;32.245161;22.73871;83.370968;
82704;30/11/2006;0000;311.2;32.206667;22.78;84.391667;
82704;31/12/2006;0000;321.7;31.248387;23.112903;86.814516;
82704;31/01/2007;0000;369.3;31.187097;23.132258;87.096774;
82704;28/02/2007;0000;185.1;31.910714;23.217857;83.75;
82704;31/03/2007;0000;182.5;31.329032;22.964516;86.258065;
82704;30/04/2007;0000;152.9;31.42;22.91;86.733333;
82704;31/05/2007;0000;105.6;30.466667;20.925806;84.443548;
82704;30/06/2007;0000;82.7;30.926667;20.69;82.225;
82704;31/07/2007;0000;63.2;31.025806;19.822581;80.258065;
82704;31/08/2007;0000;127.4;31.66129;20.396774;78.435484;
82704;30/09/2007;0000;109.3;33.066667;21.483333;80.641667;
82704;31/10/2007;0000;141.1;32.651613;22.064516;83.604839;
82704;30/11/2007;0000;261.8;31.333333;22.56;87.075;
82704;31/12/2007;0000;301.1;30.891667;22.116667;88.208333;
82704;31/01/2008;0000;283.1;30.548387;22.487097;86.612903;
82704;29/02/2008;0000;262.1;30.641379;22.410345;85.215517;
82704;31/03/2008;0000;412.9;30.23871;21.996774;88.33871;
82704;30/04/2008;0000;312.6;30.46;22.076667;87.225;
82704;31/05/2008;0000;163.8;30.158065;21.032258;84.096774;
82704;30/06/2008;0000;106.1;29.183333;19.736667;84.008333;
82704;31/07/2008;0000;66.1;32.280645;20.6;80.685484;
82704;31/08/2008;0000;60;33.426667;21.52069;78.87931;
82704;30/09/2008;0000;118.5;33.29;21;78.275;
82704;31/10/2008;0000;225.3;32.33871;22.183871;84.104839;
82704;30/11/2008;0000;271.7;31.846667;22.7;85.708333;
82704;31/12/2008;0000;224.6;31.506452;22.458065;86.475806;
82704;31/01/2009;0000;272.3;30.670968;22.283871;88.5;
82704;28/02/2009;0000;165.5;30.646429;22.239286;87.616071;
82704;31/03/2009;0000;403.8;30.46129;22.103226;89.620968;
82704;30/04/2009;0000;238.3;30.213333;22.526667;90.158333;
82704;31/05/2009;0000;262.7;31.274194;22.554839;88.709677;
82704;30/06/2009;0000;177.2;30.544828;20.72069;85.896552;
82704;31/07/2009;0000;108.5;31.996774;20.112903;83.451613;
82704;31/08/2009;0000;100.6;32.343333;20.32;84.580357;
82704;30/09/2009;0000;228.4;33.16;21.76;81.95;
82704;31/10/2009;0000;123.2;33.245161;22.709677;83.95;
82704;30/11/2009;0000;79.8;33.465517;23.55;82.908333;
82704;31/12/2009;0000;227.5;31.509677;23.154839;86.866667;
82704;31/01/2010;0000;205.3;32.232258;23.325806;85.475806;
82704;28/02/2010;0000;170.1;31.996429;23.328571;88.232143;
82704;31/03/2010;0000;134.2;32.490323;23.606452;88.241935;
82704;30/04/2010;0000;233.6;32.82;23.273333;86.241667;
82704;31/05/2010;0000;105.5;31.506452;22.051613;86.854839;
82704;30/06/2010;0000;38;31.86;21.28;85.816667;
82704;31/07/2010;0000;37.7;30.803226;19.322581;84.596774;
82704;31/08/2010;0000;82.2;34.116129;20;77.741935;
82704;30/09/2010;0000;64.9;34.436667;21.986667;81.125;
82704;31/10/2010;0000;169.4;32.896774;21.551613;84.927419;
82704;30/11/2010;0000;206.4;31.903333;21.926667;86.533333;
82704;31/12/2010;0000;296.4;31.532258;21.83871;88.596774;
82704;31/01/2011;0000;149.3;31.7;22.5;86.008065;
82704;28/02/2011;0000;204.1;30.622222;21.981481;89.046296;
82704;31/03/2011;0000;247.4;30.416129;22.180645;90.33871;
82704;30/04/2011;0000;180.6;32.086667;22.386667;87.541667;
82704;31/05/2011;0000;121.1;31.574194;21.419355;86.314516;
82704;30/06/2011;0000;53.2;31.77;21.006667;87.183333;
82704;31/07/2011;0000;38.3;32.174194;20.667742;80.153226;
82704;31/08/2011;0000;29.3;34.322581;20.396774;75.637097;
82704;30/09/2011;0000;86.1;33.863333;21.72;79.516667;
82704;31/10/2011;0000;306.2;32.203226;22.341935;88;
82704;30/11/2011;0000;114.2;32.98;22.566667;83.508333;
82704;31/12/2011;0000;251.8;31.13871;22.677419;88.701613;
82704;31/01/2012;0000;248;30.848387;22.432258;87.293103;
82704;29/02/2012;0000;247.6;29.810345;21.762069;87.951923;
82704;31/03/2012;0000;401.5;31.33871;22.090323;87;
82704;30/04/2012;0000;222.4;31.84;22.67;86.083333;
82704;31/05/2012;0000;119.1;31.909677;21.506452;84.816667;
82704;30/06/2012;0000;101.4;31.176667;21.19;85.725;
82704;31/07/2012;0000;8.7;31.9;19.764516;80.955357;
82704;31/08/2012;0000;10.5;34.341935;20.577419;74.844828;
82704;30/09/2012;0000;93.6;34.15;21.583333;80.939655;
82704;31/10/2012;0000;62.6;33.26129;22.441935;82.048387;
82704;30/11/2012;0000;112.7;33.133333;23.176667;82.965517;
82704;31/12/2012;0000;209.7;30.83871;22.309677;87.974138;
82704;31/01/2013;0000;337.6;31.225806;22.7;86.532258;
82704;28/02/2013;0000;336.4;31.307143;22.807143;86.410714;
82704;31/03/2013;0000;370.7;31.603226;22.874194;87.16129;
82704;30/04/2013;0000;319.6;32.836667;22.51;83.125;
82704;31/05/2013;0000;185.2;31.409677;22.451613;86.516129;
82704;30/06/2013;0000;174.4;31.68;22.32;85.9;
82704;31/07/2013;0000;80.2;31.474194;19.887097;81.620968;
82704;31/08/2013;0000;74.7;31.751613;19.616129;78.427419;
82704;30/09/2013;0000;171.4;33.113333;21.33;79.233333;
82704;31/10/2013;0000;81.7;32.816129;22.864516;82.717742;
82704;30/11/2013;0000;196.1;31.333333;22.453333;85.333333;
82704;31/12/2013;0000;252.2;31.751613;22.870968;83.693548;
82704;31/01/2014;0000;394;30.316129;22.629032;88.822581;
82704;28/02/2014;0000;326.7;31.128571;22.578571;87.580357;
82704;31/03/2014;0000;246.1;30.977419;22.690323;86.8;
82704;30/04/2014;0000;274.8;32.176667;22.816667;85.975;
82704;31/05/2014;0000;189.3;31.103226;21.964516;87.083333;
82704;30/06/2014;0000;87.4;31.382759;21.496552;89.939655;
82704;31/07/2014;0000;35.6;31.468966;20.766667;87.241379;
82704;31/08/2014;0000;108.9;32.748276;20.866667;83.482759;
82704;30/09/2014;0000;108.7;33.558621;22.157692;86.482759;
82704;31/10/2014;0000;182;32.117241;22.442308;90.275862;
82704;30/11/2014;0000;329;31.617241;22.734615;92.482759;
82704;31/12/2014;0000;403.9;31.153333;22.928571;89.482759;
82704;31/01/2015;0000;348.7;30.342308;22.632;92.076923;
82704;28/02/2015;0000;76.7;;;;
82704;31/05/2015;0000;209.9;30.466667;22.751852;92.027778;
82704;30/06/2015;0000;114.4;31.741379;21.951724;90.310345;
82704;31/07/2015;0000;84.8;32.093548;21.758065;88.774194;
82704;31/08/2015;0000;78.3;33.512903;22.093548;88.774194;
82704;30/09/2015;0000;96.5;33.716667;22.946667;91.533333;
82704;31/10/2015;0000;135.2;33.148387;22.786207;90.806452;
82704;30/11/2015;0000;190;33.13;23.47931;91.533333;
82704;31/12/2015;0000;438.1;32.3;23.187097;94.1;
