--------------------
BDMEP - INMET
--------------------
Estação           : CUIABA - MT (OMM: 83361)
Latitude  (graus) : -15.61
Longitude (graus) : -56.1
Altitude  (metros): 145.00
Estação Operante
Inicio de operação: 01/01/1911
Periodo solicitado dos dados: 01/01/2000 a 01/01/2016
Os dados listados abaixo são os que encontram-se digitados no BDMEP
Hora em UTC
--------------------
Obs.: Os dados aparecem separados por ; (ponto e vírgula) no formato txt.
      Para o formato planilha XLS, siga as instruções
--------------------
Estacao;Data;Hora;PrecipitacaoTotal;TempMaximaMedia;TempMinimaMedia;UmidadeRelativaMedia;
83361;31/01/2000;0000;173.7;33.629032;24.296774;78.129032;
83361;29/02/2000;0000;153;32.444828;23.762069;83.655172;
83361;31/03/2000;0000;307;31.9;23.251613;87.435484;
83361;30/04/2000;0000;126.2;33.16;22.7;83.775;
83361;31/05/2000;0000;7.3;31.893548;20.125806;75.516129;
83361;30/06/2000;0000;0;32.19;18.683333;65.075;
83361;31/07/2000;0000;3.4;30.387097;15.454839;64.05;
83361;31/08/2000;0000;12;35.103226;20.541935;67.183333;
83361;30/09/2000;0000;43.3;33.45;21.966667;73.158333;
83361;31/10/2000;0000;130.5;35.541935;23.490323;73.774194;
83361;30/11/2000;0000;161.4;33.106667;23.37;76.7;
83361;31/12/2000;0000;131.2;32.570968;23.803333;74.766129;
83361;31/01/2001;0000;119;33.306452;23.351613;79.556452;
83361;28/02/2001;0000;35;34.222222;23.3;78.982143;
83361;31/03/2001;0000;217.6;32.8;22.635484;83.016129;
83361;30/04/2001;0000;62.7;34.08;22.503333;75.4;
83361;31/05/2001;0000;37.1;30.9;19.393548;78.919355;
83361;30/06/2001;0000;6.4;31.278571;15.846667;73.533333;
83361;31/07/2001;0000;8;33.541935;17.712903;65.533333;
83361;31/08/2001;0000;16;36.419355;18.612903;55.491935;
83361;30/09/2001;0000;23;35.233333;20.976667;57.258333;
83361;31/10/2001;0000;146.2;34.487097;21.412903;66.024194;
83361;30/11/2001;0000;214.3;33.186667;21.903333;74.931034;
83361;31/12/2001;0000;340.5;31.9;21.770968;81.822581;
83361;31/01/2002;0000;217.6;33.331034;;79.72;
83361;28/02/2002;0000;256;32.114815;;86.527778;
83361;31/03/2002;0000;141.5;33.656667;;81.607143;
83361;30/04/2002;0000;34.8;34.341379;21.103448;78.43;
83361;31/05/2002;0000;44.6;32.666667;19.576667;77.189655;
83361;30/06/2002;0000;3.5;31.175862;16.427586;74.225;
83361;31/07/2002;0000;7;32.346667;17.058621;69.783333;
83361;31/08/2002;0000;26.2;35.663333;20.046667;61.141667;
83361;30/09/2002;0000;68.4;33.913793;20.686667;61.422414;
83361;31/10/2002;0000;72.6;36.033333;23.906667;61.116667;
83361;30/11/2002;0000;97.4;34.485185;23.872414;69.544643;
83361;31/12/2002;0000;202.9;33.583871;23.854839;75.66129;
83361;31/01/2003;0000;297.5;31.993548;23.8;83.532258;
83361;28/02/2003;0000;151.8;32.562963;22.666667;81.125;
83361;31/03/2003;0000;142.3;32.022581;22.648387;83.427419;
83361;30/04/2003;0000;122.4;32.203333;21.303333;78.941667;
83361;31/05/2003;0000;50.7;32.019355;19.46129;81.112903;
83361;30/06/2003;0000;1.1;32.456667;17.951724;76.916667;
83361;31/07/2003;0000;0.6;32.403226;15.796667;73.5;
83361;31/08/2003;0000;13.5;33.083871;17.554839;58.854839;
83361;30/09/2003;0000;70.8;34.766667;21.19;61.15;
83361;31/10/2003;0000;132.4;33.770968;23.309677;74.862903;
83361;30/11/2003;0000;221.9;33.225926;23.326667;76.833333;
83361;31/12/2003;0000;166.7;33.73871;24.612903;76.056452;
83361;31/01/2004;0000;174.9;32.367742;24.770968;83.572581;
83361;29/02/2004;0000;222.1;32.110714;24.346429;84.5625;
83361;31/03/2004;0000;72.2;33.9;24.293548;79.58871;
83361;30/04/2004;0000;93;32.716667;23.823333;80.391667;
83361;31/05/2004;0000;42.6;28.76;19.6;83.991935;
83361;30/06/2004;0000;0;31.383333;18.056667;71.125;
83361;31/07/2004;0000;62.7;30.664516;18.341935;71.637097;
83361;31/08/2004;0000;0;34.054839;18.633333;60.604839;
83361;30/09/2004;0000;11.9;35.656667;21.886667;56.387931;
83361;31/10/2004;0000;103.8;34.445161;23.832258;66.683333;
83361;30/11/2004;0000;216.9;33.243333;23.48;75.318966;
83361;31/12/2004;0000;176.9;33.580645;23.993333;72.580645;
83361;31/01/2005;0000;104.2;;;;
83361;28/02/2005;0000;209.7;;;;
83361;31/03/2005;0000;201.8;;;;
83361;30/04/2005;0000;73.6;;;;
83361;31/05/2005;0000;8.1;;;;
83361;30/06/2005;0000;14.3;;;;
83361;31/07/2005;0000;0;31.606452;17.109677;61.395161;
83361;31/08/2005;0000;1;35.387097;18.7;52.854839;
83361;30/09/2005;0000;40.2;32.673333;19.623333;62.558333;
83361;31/10/2005;0000;119;34.55;24.129032;69.5;
83361;30/11/2005;0000;90.5;33.483333;24.376667;73.433333;
83361;31/12/2005;0000;104.1;33.332258;24.096774;75.790323;
83361;31/01/2006;0000;154.8;32.53871;24.016129;78.318966;
83361;28/02/2006;0000;353.7;32.489286;24.075;81.848214;
83361;31/03/2006;0000;267.1;32.7;24.106452;84.032258;
83361;30/04/2006;0000;154.5;31.57;22.906667;82.137931;
83361;31/05/2006;0000;12.5;29.551613;18.174194;72.846774;
83361;30/06/2006;0000;4.1;32.796667;19.126667;67.175;
83361;31/07/2006;0000;17.1;;;;
83361;31/08/2006;0000;24.3;35.193103;19.641379;52.9375;
83361;30/09/2006;0000;112;33.45;21.37;64.891667;
83361;31/10/2006;0000;97.9;33.235484;23.683333;76.33871;
83361;30/11/2006;0000;142.9;34.923333;23.706667;68.339286;
83361;31/12/2006;0000;176.8;32.741935;23.787097;78.814516;
83361;31/01/2007;0000;266.3;33.135484;24.296774;78.677419;
83361;28/02/2007;0000;315.7;32.560714;23.510714;80.303571;
83361;31/03/2007;0000;174.3;33.943333;23.174194;76.491935;
83361;30/04/2007;0000;140.4;34.106667;23.113333;74.491667;
83361;31/05/2007;0000;31.1;30.683871;18.523333;74.701613;
83361;30/06/2007;0000;0.4;32.443333;17.953333;71.816667;
83361;31/07/2007;0000;22.8;31.741935;16.858065;66.153226;
83361;31/08/2007;0000;0;33.680645;16.674194;58.225806;
83361;30/09/2007;0000;5;37.676667;21.313333;53.0625;
83361;31/10/2007;0000;188.2;34.974194;23.2;68.08871;
83361;30/11/2007;0000;274.9;33.356667;23.346667;76.175;
83361;31/12/2007;0000;184.9;33.012903;23.145161;76.975806;
83361;31/01/2008;0000;355.5;31.596667;23.013333;82.041667;
83361;29/02/2008;0000;68.9;33.206897;23.255172;79.422414;
83361;31/03/2008;0000;141;32.828571;23.039286;82.258929;
83361;30/04/2008;0000;39.5;;;;
83361;30/04/2009;0000;26.2;;;;
83361;31/05/2009;0000;49.7;32.470968;21.16129;74.725806;
83361;30/06/2009;0000;45.2;29.616667;17.826667;76.275;
83361;31/07/2009;0000;29.7;32.196774;18.603226;71;
83361;31/08/2009;0000;89.6;34.332258;19.551613;62.064516;
83361;30/09/2009;0000;73.3;34.016667;21.7;64.016667;
83361;31/10/2009;0000;175.6;35.096774;24.03871;67.548387;
83361;30/11/2009;0000;111;34.376667;23.663333;73.758333;
83361;31/12/2009;0000;353.9;33;21.864516;78.629032;
83361;31/01/2010;0000;352.3;32.954839;22.03871;79.201613;
83361;28/02/2010;0000;359.2;33.457143;22.275;78.205357;
83361;31/03/2010;0000;352.1;34.496774;24.26129;77.75;
83361;30/04/2010;0000;75.9;33.196667;22.196667;74.791667;
83361;31/05/2010;0000;26.7;31.003226;18.619355;72.991935;
83361;30/06/2010;0000;2.6;33.543333;18.51;65.041667;
83361;31/07/2010;0000;13.6;31.632258;16.077419;64.072581;
83361;31/08/2010;0000;0;35.1;16.854839;53.362903;
83361;30/09/2010;0000;3.6;38.033333;22.46;54.108333;
83361;31/10/2010;0000;137;35.825806;23.664516;63.814516;
83361;30/11/2010;0000;140.7;32.973333;22.886667;75.816667;
83361;31/12/2010;0000;132.8;34.074194;23.706452;76.25;
83361;31/01/2011;0000;337.2;33.035484;23.735484;81.104839;
83361;28/02/2011;0000;370.9;32.407143;23.446429;81.5625;
83361;31/03/2011;0000;365.4;32.451613;23.687097;82.75;
83361;30/04/2011;0000;163.4;34.003333;23.436667;75.483333;
83361;31/05/2011;0000;2.4;31.687097;19.758065;72.443548;
83361;30/06/2011;0000;22.2;32.603333;18.236667;73.8;
83361;31/07/2011;0000;0.7;33.3;17.883871;67.080645;
83361;31/08/2011;0000;14.3;35.487097;18.690323;61.040323;
83361;30/09/2011;0000;3;37.136667;22.683333;57.291667;
83361;31/10/2011;0000;125.8;35.351613;23.683871;65.806452;
83361;30/11/2011;0000;119.7;35.34;23.763333;66.008333;
83361;31/12/2011;0000;148;33.948387;22.006452;75.427419;
83361;31/01/2012;0000;291.9;32.590323;21.516129;82.83871;
83361;29/02/2012;0000;284.6;33.327586;22.044828;80.060345;
83361;31/03/2012;0000;244.7;33.322581;21.825806;78.791667;
83361;30/04/2012;0000;51.1;33.79;22.8;76.758333;
83361;31/05/2012;0000;264.2;32.029032;19.448387;74.189655;
83361;30/06/2012;0000;33.3;31.006667;18.42;78.291667;
83361;31/07/2012;0000;0;32.013333;16.219355;67.841667;
83361;31/08/2012;0000;0;35.541935;17.06129;50.233871;
83361;30/09/2012;0000;40.3;38.003333;19.953333;48.681034;
83361;31/10/2012;0000;26;36.756667;22.729032;58.233333;
83361;30/11/2012;0000;161.8;34.116667;;74.216667;
83361;31/12/2012;0000;222.2;33.858065;;71.709677;
83361;31/01/2013;0000;194.2;32.245161;;80.854839;
83361;28/02/2013;0000;268.6;32.185714;;81.660714;
83361;31/03/2013;0000;316.9;33.33871;23.503226;79.209677;
83361;30/04/2013;0000;79.2;32.343333;22.423333;75.603448;
83361;31/05/2013;0000;20;32.212903;20.835484;72.120968;
83361;30/06/2013;0000;47.2;33.253333;20.863333;71.841667;
83361;31/07/2013;0000;10.6;32.39;17.532258;64.216667;
83361;31/08/2013;0000;0;33.803226;16.073333;51.604839;
83361;30/09/2013;0000;45.9;35.75;21.893333;57.075;
83361;31/10/2013;0000;139.4;34.629032;23.509677;67.024194;
83361;30/11/2013;0000;175.5;33.74;24.010345;73.341667;
83361;31/12/2013;0000;226.9;33.009677;23.331034;76.41129;
83361;31/01/2014;0000;325.9;33.093548;22.783871;77.459677;
83361;28/02/2014;0000;284.9;31.925;22.782143;79.455357;
83361;31/03/2014;0000;260.2;33.012903;23.392857;78.103448;
83361;30/04/2014;0000;120.9;32.98;22.9;77.541667;
83361;31/05/2014;0000;142.5;31.103226;20.762069;73.854839;
83361;30/06/2014;0000;9.2;31.023333;19.771429;72.633333;
83361;31/07/2014;0000;48.6;31.022581;17.880645;70.677419;
83361;31/08/2014;0000;0;35.248387;19.153333;55.129032;
83361;30/09/2014;0000;46.9;37;23.72;58.725;
83361;31/10/2014;0000;50.2;36.819355;24.145161;67.435484;
83361;30/11/2014;0000;231.3;34.533333;24.016667;69.775;
83361;31/12/2014;0000;155.9;33.13871;23.732258;74.830645;
83361;31/01/2015;0000;270.9;34.096774;23.132258;73.274194;
83361;28/02/2015;0000;328.6;33.325;23.337037;76.598214;
83361;31/03/2015;0000;320.1;33.493548;23.143333;77.830645;
83361;30/04/2015;0000;104.3;32.873333;23.313333;78.025;
83361;31/05/2015;0000;35.2;31.922581;21.96;75.185484;
83361;30/06/2015;0000;2;32.844828;19.141379;67.65;
83361;31/07/2015;0000;23.1;32.006667;18.329032;67.782258;
83361;31/08/2015;0000;0;36.819355;19.463333;50.096774;
83361;30/09/2015;0000;24.9;37.624138;23.513333;52.758333;
83361;31/10/2015;0000;27.8;35.32;24.343333;61.790323;
83361;30/11/2015;0000;113.3;;24.634483;71.516667;
83361;31/12/2015;0000;132.2;;24.493333;68.653226;
