--------------------
BDMEP - INMET
--------------------
Estação           : DIAMANTINO - MT (OMM: 83309)
Latitude  (graus) : -14.4
Longitude (graus) : -56.45
Altitude  (metros): 286.30
Estação Operante
Inicio de operação: 01/01/1932
Periodo solicitado dos dados: 01/01/2000 a 01/01/2016
Os dados listados abaixo são os que encontram-se digitados no BDMEP
Hora em UTC
--------------------
Obs.: Os dados aparecem separados por ; (ponto e vírgula) no formato txt.
      Para o formato planilha XLS, siga as instruções
--------------------
Estacao;Data;Hora;PrecipitacaoTotal;TempMaximaMedia;TempMinimaMedia;UmidadeRelativaMedia;
83309;31/01/2000;0000;190.8;32.03871;22.858065;91.306452;
83309;29/02/2000;0000;353.1;31.668966;22.57931;92.974138;
83309;31/03/2000;0000;295.1;31.516129;22.509677;93.104839;
83309;30/04/2000;0000;59.9;32.196667;21.716667;89.683333;
83309;31/05/2000;0000;14.7;31.964516;19.33871;89.653226;
83309;30/06/2000;0000;0;31.86;18.75;69.083333;
83309;31/07/2000;0000;0;30.529032;15.222581;64.096774;
83309;31/08/2000;0000;18.1;35.341935;19.451613;62.991935;
83309;30/09/2000;0000;81.3;33.5;21.2;69.675;
83309;31/10/2000;0000;142.8;34.583871;22.254839;77.403226;
83309;30/11/2000;0000;273;;;82.898148;
83309;31/12/2000;0000;307.1;;;83.129032;
83309;31/01/2001;0000;261.1;;;85.816667;
83309;28/02/2001;0000;229.8;;;85.508929;
83309;31/03/2001;0000;254.1;;;86.891667;
83309;30/04/2001;0000;133;;;83.965517;
83309;31/05/2001;0000;44.8;;;83.927419;
83309;30/06/2001;0000;8.9;;;76.608333;
83309;31/07/2001;0000;0;;;70.125;
83309;31/08/2001;0000;43.4;;;59.775;
83309;30/09/2001;0000;195.7;;;71.586207;
83309;31/10/2001;0000;158.4;31.885714;21.614815;81.991071;
83309;30/11/2001;0000;294.9;32.907692;22.9;83.951923;
83309;31/12/2001;0000;405.9;31.596296;22.538462;90.330357;
83309;31/01/2002;0000;365.5;32.148276;22.32069;90.304348;
83309;28/02/2002;0000;345.5;31.544444;22.610714;92.304348;
83309;31/03/2002;0000;255.6;33.532258;22.216129;89.474138;
83309;30/04/2002;0000;209;33.627586;21.706897;90.317308;
83309;31/05/2002;0000;83;32.603333;20.696774;88.758333;
83309;30/06/2002;0000;0;31.346667;17.317241;85.425;
83309;31/07/2002;0000;9.3;32.148276;16.792857;83.225;
83309;31/08/2002;0000;9;35.758621;18.103226;65.758621;
83309;30/09/2002;0000;89.9;33.948148;20.386207;66.189655;
83309;31/10/2002;0000;86.5;35.32069;22.510714;66.391667;
83309;30/11/2002;0000;125.2;33.381481;22.57;76.175926;
83309;31/12/2002;0000;207.5;33.051613;22.936667;81.516129;
83309;31/01/2003;0000;407.8;31.996774;22.845161;86.096774;
83309;28/02/2003;0000;490.4;31.746429;21.607143;86.178571;
83309;31/03/2003;0000;638.3;31.812903;21.887097;87.391667;
83309;30/04/2003;0000;127.8;32.293333;21.153333;82.625;
83309;31/05/2003;0000;50.6;31.690323;18.816129;79.862903;
83309;30/06/2003;0000;1;32.876667;16.99;75.341667;
83309;31/07/2003;0000;0;32.075;15.687097;67.870968;
83309;31/08/2003;0000;10;;17.396774;57.733871;
83309;30/09/2003;0000;134.3;;19.866667;67.716667;
83309;31/10/2003;0000;223.4;;21.806452;76.185484;
83309;30/11/2003;0000;202;;21.843333;79.1;
83309;31/12/2003;0000;242;;22.703226;77.612903;
83309;31/01/2004;0000;520.4;;22.836667;86.258065;
83309;29/02/2004;0000;531.6;;22.527586;86.163793;
83309;31/03/2004;0000;157.3;33.303333;22.358065;81.233871;
83309;30/04/2004;0000;122.8;32.516667;22.196667;82.2;
83309;31/05/2004;0000;66;29.245161;18.751613;81.217742;
83309;30/06/2004;0000;4.5;31.153333;17.616667;73.191667;
83309;31/07/2004;0000;42.8;31.464516;17.06129;70.741935;
83309;31/08/2004;0000;6.9;34.364516;17.190323;60.862903;
83309;30/09/2004;0000;41.6;35.64;20.386667;58.175;
83309;31/10/2004;0000;200.7;34.325806;22.283871;72.908333;
83309;30/11/2004;0000;287.2;33;22.446667;76.508333;
83309;31/12/2004;0000;202.6;32.445161;22.622581;79.233871;
83309;31/01/2005;0000;441.2;31.503226;22.4;86.516667;
83309;28/02/2005;0000;150.1;32.996429;22.353571;83.740385;
83309;31/03/2005;0000;217;31.683871;22.529032;88.532258;
83309;30/04/2005;0000;68.9;32.433333;20.75;83.383333;
83309;31/05/2005;0000;16.6;33.106452;20.519355;77.677419;
83309;30/06/2005;0000;16.6;33.1;19.556667;76.318966;
83309;31/07/2005;0000;0;32.116129;17.03871;77.209677;
83309;31/08/2005;0000;0;35.109677;19.254839;69.330645;
83309;30/09/2005;0000;137.6;32.623333;19.653333;70.366667;
83309;31/10/2005;0000;203.4;34.748387;22.364516;78.169355;
83309;30/11/2005;0000;245;33.713333;22.97;81.2;
83309;31/12/2005;0000;379.9;31.774194;22.483871;86.782258;
83309;31/01/2006;0000;165.7;32.116129;22.206452;86.153226;
83309;28/02/2006;0000;489.5;31.9;22.692857;87.9375;
83309;31/03/2006;0000;215.1;32.174194;22.9;86.91129;
83309;30/04/2006;0000;147.7;31.976667;21.53;85.466667;
83309;31/05/2006;0000;23.9;29.793548;16.967742;78.725806;
83309;30/06/2006;0000;19.7;33.056667;17.776667;73.65;
83309;31/07/2006;0000;8.4;32.835484;16.5;69.225806;
83309;31/08/2006;0000;8.3;35.187097;19.648387;60.395161;
83309;30/09/2006;0000;35.9;34.226667;21.493333;66.033333;
83309;31/10/2006;0000;290.7;32.803226;22.993548;84.266129;
83309;30/11/2006;0000;169;33.826667;22.326667;76.183333;
83309;31/12/2006;0000;347.6;32;22.958065;83.435484;
83309;31/01/2007;0000;234;32.13871;23.316129;83.177419;
83309;28/02/2007;0000;482.1;31.45;22.632143;85.223214;
83309;31/03/2007;0000;176.8;33.470968;22.112903;79.612903;
83309;30/04/2007;0000;119.3;33.456667;21.56;79.741667;
83309;31/05/2007;0000;34.8;31;17.754839;75.080645;
83309;30/06/2007;0000;2.4;32.396667;17.37;74.658333;
83309;31/07/2007;0000;38.6;32.06129;16.609677;70.798387;
83309;31/08/2007;0000;0;33.854839;17.141935;54;
83309;30/09/2007;0000;0;36.546667;20.173333;57.416667;
83309;31/10/2007;0000;314.8;34.086667;21.23;77.387097;
83309;30/11/2007;0000;409.9;32.886667;21.843333;83.075;
83309;31/12/2007;0000;186.7;32.177419;22.080645;85.064516;
83309;31/01/2008;0000;509;30.532258;21.532258;89.258065;
83309;29/02/2008;0000;226.1;31.531034;21.613793;88.37931;
83309;31/03/2008;0000;280.3;32.06129;21.422581;87.314516;
83309;30/04/2008;0000;275.6;31.61;20.366667;86.516667;
83309;31/05/2008;0000;20.3;30.2;17.916129;82.741935;
83309;30/06/2008;0000;0;31.15;16.35;79.083333;
83309;31/07/2008;0000;0;34.974194;16.241935;62.645161;
83309;31/08/2008;0000;0;37.303226;18.693548;55.959677;
83309;30/09/2008;0000;35.4;36.016667;19.363333;60.85;
83309;31/10/2008;0000;188.8;34.341935;21.287097;75.983871;
83309;30/11/2008;0000;226;34.053333;22.206667;80.433333;
83309;31/12/2008;0000;209.9;32.651613;21.580645;82.395161;
83309;31/01/2009;0000;94.1;33.558065;21.667742;80.129032;
83309;28/02/2009;0000;421.5;32.832143;21.860714;85.973214;
83309;31/03/2009;0000;424.8;33.093548;21.783871;86.677419;
83309;30/04/2009;0000;180;33.13;21.063333;84.55;
83309;31/05/2009;0000;58;32.541935;19.890323;81.620968;
83309;30/06/2009;0000;26.3;30.62;16.716667;79.675;
83309;31/07/2009;0000;4.3;33.2;17.151613;73.806452;
83309;31/08/2009;0000;97.8;35.180645;18.190323;64.693548;
83309;30/09/2009;0000;114;34.213333;20.446667;72.716667;
83309;31/10/2009;0000;208.1;34.283871;21.790323;77.870968;
83309;30/11/2009;0000;67.5;33.646667;22.6;79.283333;
83309;31/12/2009;0000;364;32.080645;22.064516;82.935484;
83309;31/01/2010;0000;497.3;31.912903;22.080645;83.080645;
83309;28/02/2010;0000;336;33.446429;22.196429;81.580357;
83309;31/03/2010;0000;240.9;33.735484;22.322581;82.362903;
83309;30/04/2010;0000;18.3;33.49;20.033333;77.866667;
83309;31/05/2010;0000;29.1;31.96129;17.683871;75.532258;
83309;30/06/2010;0000;26;33.823333;16.993333;69.133333;
83309;31/07/2010;0000;5.2;32.245161;15.248387;62.975806;
83309;31/08/2010;0000;0;35.248387;16.754839;51.620968;
83309;30/09/2010;0000;15.3;37.996667;21.593333;54.225;
83309;31/10/2010;0000;281.9;34.825806;21.519355;70.540323;
83309;30/11/2010;0000;266.2;32.43;21.153333;80.275;
83309;31/12/2010;0000;286.1;33.003226;21;79.266129;
83309;31/01/2011;0000;313.7;31.858065;21.596774;84.080645;
83309;28/02/2011;0000;316.4;31.721429;21.482143;84.098214;
83309;31/03/2011;0000;292;31.983871;21.570968;85.66129;
83309;30/04/2011;0000;157.3;33.52;21.216667;81.141667;
83309;31/05/2011;0000;15;31.96129;17.825806;77.41129;
83309;30/06/2011;0000;48.9;32.683333;16.736667;73.7;
83309;31/07/2011;0000;0;33.151613;17.029032;67.008065;
83309;31/08/2011;0000;37.4;35;17.116129;57.314516;
83309;30/09/2011;0000;37.2;36.363333;20.546667;64.483333;
83309;31/10/2011;0000;140;34.477419;21.487097;77.564516;
83309;30/11/2011;0000;195.8;33.296667;21.276667;81.141667;
83309;31/12/2011;0000;355.3;32.509677;21.803226;85.370968;
83309;31/01/2012;0000;308.7;31.283871;21.596774;87.225806;
83309;29/02/2012;0000;359.8;32.544828;20.87931;86.275862;
83309;31/03/2012;0000;165.8;32.787097;20.63871;85.532258;
83309;30/04/2012;0000;100;33.263333;20.95;85.175;
83309;31/05/2012;0000;172.5;31.954839;18.245161;84.427419;
83309;30/06/2012;0000;23.4;31.631034;17.296667;81.8;
83309;31/07/2012;0000;0;32.451613;15.248387;77.032258;
83309;31/08/2012;0000;0;35.219355;17.332258;66.25;
83309;30/09/2012;0000;40.9;37.16;20.293333;61.558333;
83309;31/10/2012;0000;57.7;36.28;22.103226;68.112903;
83309;30/11/2012;0000;177.4;32.406897;22.226667;82.233333;
83309;31/12/2012;0000;241.7;33.155172;21.62;79.383333;
83309;31/01/2013;0000;428.4;31.558065;21.887097;84.290323;
83309;28/02/2013;0000;249;31.65;21.310714;84.232143;
83309;31/03/2013;0000;309.9;32.209677;21.635484;85.612903;
83309;30/04/2013;0000;79.3;31.836667;20.303333;83.466667;
83309;31/05/2013;0000;6.4;31.970968;18.974194;79.080645;
83309;30/06/2013;0000;53.5;33.34;18.817241;77.816667;
83309;31/07/2013;0000;0;32.554839;15.564516;66.967742;
83309;31/08/2013;0000;0;33.970968;16.148387;51.846774;
83309;30/09/2013;0000;35.2;35.44;20.226667;69.758333;
83309;31/10/2013;0000;247.3;34.109677;21.090323;82.133333;
83309;30/11/2013;0000;219.7;32.416667;21.393103;85.566667;
83309;31/12/2013;0000;366.9;31.874194;21.277419;88.096774;
83309;31/01/2014;0000;239.5;32.374194;20.664516;86.846774;
83309;28/02/2014;0000;421.8;31.267857;21.007407;89.607143;
83309;31/03/2014;0000;349.8;32.032258;21.174194;88.645161;
83309;30/04/2014;0000;186.9;32.376667;21.02;86.983333;
83309;31/05/2014;0000;23.5;31.516667;18.336667;85.806452;
83309;30/06/2014;0000;19.9;31.76;18.236667;83.4;
83309;31/07/2014;0000;36.2;31.975862;16.323333;82.854839;
83309;31/08/2014;0000;0;35.458065;17.432258;75.467742;
83309;30/09/2014;0000;107.2;35.88;20.98;78.566667;
83309;31/10/2014;0000;230.5;35.422581;20.987097;79.967742;
83309;30/11/2014;0000;209.2;33.46;21.463333;84.141667;
83309;31/12/2014;0000;290.2;31.826667;20.953333;88.541667;
83309;31/01/2015;0000;213.9;33.167742;20.358065;86.58871;
83309;28/02/2015;0000;192.6;31.925;20.865385;89.098214;
83309;31/03/2015;0000;207.4;32.003226;21.070968;88.241935;
83309;30/04/2015;0000;199.2;32.735714;21.068966;89.401786;
83309;31/05/2015;0000;85.3;31.722581;20.025806;87.814516;
83309;30/06/2015;0000;15;32.541379;17.366667;82.818966;
83309;31/07/2015;0000;1.3;33.248276;16.7;77.766667;
83309;31/08/2015;0000;18.7;36.867742;18.387097;69.451613;
83309;30/09/2015;0000;2.3;37.616667;20.69;69.725;
83309;31/10/2015;0000;145.5;36.125806;21.13871;78.362903;
83309;30/11/2015;0000;314.1;34.983333;21.4;83.816667;
83309;31/12/2015;0000;165.3;34.529032;21.783871;85.056452;
