--------------------
BDMEP - INMET
--------------------
Estação           : EIRUNEPE - AM (OMM: 82610)
Latitude  (graus) : -6.66
Longitude (graus) : -69.86
Altitude  (metros): 104.00
Estação Operante
Inicio de operação: 01/01/1928
Periodo solicitado dos dados: 01/01/2000 a 01/01/2016
Os dados listados abaixo são os que encontram-se digitados no BDMEP
Hora em UTC
--------------------
Obs.: Os dados aparecem separados por ; (ponto e vírgula) no formato txt.
      Para o formato planilha XLS, siga as instruções
--------------------
Estacao;Data;Hora;PrecipitacaoTotal;TempMaximaMedia;TempMinimaMedia;UmidadeRelativaMedia;
82610;31/01/2000;0000;324.6;33.316129;22.187097;90.33871;
82610;29/02/2000;0000;321.2;32.524138;21.834483;89.681034;
82610;31/03/2000;0000;307.8;32.554839;22.109677;89.935484;
82610;30/04/2000;0000;242.6;31.54;22.58;89.34;
82610;31/05/2000;0000;152.2;32.006452;22.122581;87.733871;
82610;30/06/2000;0000;81.2;31.6;21.333333;88.45;
82610;31/07/2000;0000;165;31.612903;19.058065;87.677419;
82610;31/08/2000;0000;158.2;32.903226;21.329032;86.806452;
82610;30/09/2000;0000;98.8;33.026667;20.873333;84.308333;
82610;31/10/2000;0000;418.8;32.883871;21.83871;87.677419;
82610;30/11/2000;0000;185.4;33.64;22.123333;86.112069;
82610;31/12/2000;0000;241;32.948387;22.6;86.903226;
82610;31/01/2001;0000;802;31.477419;22.029032;88.967742;
82610;28/02/2001;0000;224.8;32.392857;22.510714;88.178571;
82610;31/03/2001;0000;364.2;33.212903;22.36129;87.790323;
82610;30/04/2001;0000;326.6;34.706667;22.5;85.483333;
82610;31/05/2001;0000;189;32.883871;22.229032;88.943548;
82610;30/06/2001;0000;94.4;32.16;19.4;87.008333;
82610;31/07/2001;0000;54.4;33.183871;20.835484;86.395161;
82610;31/08/2001;0000;59.8;35.693548;20.558065;84.685484;
82610;30/09/2001;0000;190.8;34.573333;21.593333;86.108333;
82610;31/10/2001;0000;117;35.690323;22.841935;85.354839;
82610;30/11/2001;0000;250.6;35.046667;23.043333;87.458333;
82610;31/12/2001;0000;453.6;33.948387;22.745161;88.524194;
82610;31/01/2002;0000;329;34.36129;22.983871;;
82610;28/02/2002;0000;331.8;33.507143;23.114286;88.027778;
82610;31/03/2002;0000;211.6;33;23.129032;87.854839;
82610;30/04/2002;0000;448.2;33.22;22.933333;88.608333;
82610;31/05/2002;0000;100.4;33.503226;22.632258;87.241935;
82610;30/06/2002;0000;82.4;33.166667;21;85.35;
82610;31/07/2002;0000;61.6;32.255172;21.246667;86.790323;
82610;31/08/2002;0000;95.4;34.245161;21.4;87.411765;
82610;30/09/2002;0000;127.2;34.32;22.06;83.908333;
82610;31/10/2002;0000;266;34.148387;22.348387;87.040323;
82610;30/11/2002;0000;227.2;33.76;22.356667;88.116667;
82610;31/12/2002;0000;510.4;32.748387;22.935484;88.5;
82610;31/01/2003;0000;233.1;33.574194;23.051613;87.822581;
82610;28/02/2003;0000;479.4;32.842857;22.642857;88.638889;
82610;31/03/2003;0000;231.4;33.225806;22.741935;86.879032;
82610;30/04/2003;0000;472.4;32.72;22.453333;87.341667;
82610;31/05/2003;0000;139.2;32.903226;22.832258;87.822581;
82610;30/06/2003;0000;175;32.52;21.886667;88.241667;
82610;31/07/2003;0000;59;33.541935;19.883871;82.637097;
82610;31/08/2003;0000;70.6;32.819355;20.322581;84.314516;
82610;30/09/2003;0000;184.2;34.54;20.706667;83.15;
82610;31/10/2003;0000;131;34.374194;22.374194;85.346774;
82610;30/11/2003;0000;518.2;33.14;22.426667;87.441667;
82610;31/12/2003;0000;343.6;33.626667;22.976667;85.41129;
82610;31/01/2004;0000;8.4;;;;
82610;29/02/2004;0000;306.4;32.971429;22.6;87.026786;
82610;31/03/2004;0000;546.6;32.709677;22.987097;88.508065;
82610;30/04/2004;0000;202.2;33.353333;23.083333;87.033333;
82610;31/05/2004;0000;140.2;31.445161;20.974194;87.601852;
82610;30/06/2004;0000;130.6;31.92;20.873333;88.336957;
82610;31/07/2004;0000;93.6;32.445161;20.780645;83.586957;
82610;31/08/2004;0000;157;33.8;20.425806;83.011364;
82610;30/09/2004;0000;81.8;34.02;21.403333;82.630952;
82610;31/10/2004;0000;265;34.354839;22.612903;86.9125;
82610;30/11/2004;0000;120.2;33.886667;23.023333;84.85;
82610;31/12/2004;0000;129.6;33.645161;23.006452;84.886364;
82610;31/01/2005;0000;122;34.296774;23.270968;85.5;
82610;28/02/2005;0000;121.2;33.364286;23.242857;87.144737;
82610;31/03/2005;0000;199.8;34.116129;23.209677;87.284091;
82610;30/04/2005;0000;148.8;33.013333;22.603333;87.7125;
82610;31/05/2005;0000;78.8;34.477419;22.509677;84.285714;
82610;30/06/2005;0000;0;;;;
82610;31/07/2005;0000;0;34.703226;18.767742;79.851852;
82610;31/08/2005;0000;64.4;35.967742;19.16129;78.612903;
82610;30/09/2005;0000;38.8;35.326667;19.84;78.55;
82610;31/10/2005;0000;58;35.529032;22.222581;81.387097;
82610;30/11/2005;0000;82.8;35.227586;22.924138;83.916667;
82610;31/12/2005;0000;97.6;34.167742;22.819355;84.927419;
82610;31/01/2006;0000;173.6;33.716129;22.064516;87.927419;
82610;28/02/2006;0000;127.6;33.518519;22.625926;87.714286;
82610;31/03/2006;0000;203.8;;22.351613;86.943548;
82610;30/04/2006;0000;147.2;32.846667;22.256667;89.091667;
82610;31/05/2006;0000;44.2;31.348387;19.945161;83.508065;
82610;30/06/2006;0000;63.9;32.94;20.71;85.991667;
82610;31/07/2006;0000;28.6;33.03871;20.370968;83.887097;
82610;31/08/2006;0000;33.2;33.490323;20.922581;82.225806;
82610;30/09/2006;0000;33;33.68;21.53;81.3;
82610;31/10/2006;0000;103.4;33.129032;22.851613;84.290323;
82610;30/11/2006;0000;100.2;31.9;22.782759;87.025;
82610;31/12/2006;0000;162.6;;22.985714;88.145161;
82610;31/01/2007;0000;177.4;;22.874194;88.193548;
82610;28/02/2007;0000;50.2;;23.003571;82.169643;
82610;31/03/2007;0000;161.2;;22.33871;89.072581;
82610;30/04/2007;0000;126.4;;22.113333;89.175;
82610;31/05/2007;0000;115.4;;20.551613;87.032258;
82610;30/06/2007;0000;50.6;;20.356667;84.308333;
82610;31/07/2007;0000;25.4;;20.019355;84.1;
82610;31/08/2007;0000;3.6;33.748276;19.919355;81.766129;
82610;30/09/2007;0000;69;34.3;21.25;81.733333;
82610;31/10/2007;0000;144.8;33.912903;22.206452;84.443548;
82610;30/11/2007;0000;109.6;33.253333;22.68;87.458333;
82610;31/12/2007;0000;254.4;32.964516;22.167742;87.25;
82610;31/01/2008;0000;306;31.925806;22.316129;89.580645;
82610;29/02/2008;0000;356.2;32.421429;22.311111;87.387931;
82610;31/03/2008;0000;192.4;32.990323;22.019355;87.669355;
82610;30/04/2008;0000;220.4;33.093333;22.006667;87.116667;
82610;31/05/2008;0000;269;31.777419;21.177419;87.5;
82610;30/06/2008;0000;30.6;31.586667;19.293333;85.975;
82610;31/07/2008;0000;74.4;34.319355;19.935484;82.637097;
82610;31/08/2008;0000;151.8;35.726667;21.233333;81.217742;
82610;30/09/2008;0000;247.8;34.22;21.063333;83.233333;
82610;31/10/2008;0000;249.8;34.66129;22.303226;84.443548;
82610;30/11/2008;0000;308.4;33.7;22.686667;87.858333;
82610;31/12/2008;0000;407.6;33.274194;22.593548;88.596774;
82610;31/01/2009;0000;449;32.687097;22.419355;90.056452;
82610;28/02/2009;0000;458.2;32.814286;22.164286;88.419643;
82610;31/03/2009;0000;305.4;32.996774;22.174194;89.620968;
82610;30/04/2009;0000;409.4;32.853333;22.28;89.1;
82610;31/05/2009;0000;176;32.483333;22.306667;87.798387;
82610;30/06/2009;0000;102;32.52;20.913333;86.625;
82610;31/07/2009;0000;112.2;33.580645;20.43871;84.698276;
82610;31/08/2009;0000;69.4;34.309677;20.9;83.112903;
82610;30/09/2009;0000;65.8;35.286667;21.603333;81.808333;
82610;31/10/2009;0000;201.4;35.196774;22.6;84.116667;
82610;30/11/2009;0000;181.8;34.228571;22.635714;87.041667;
82610;31/12/2009;0000;585.6;32.764516;22.393548;90.183333;
82610;31/01/2010;0000;280.6;33.048387;22.367742;88.120968;
82610;28/02/2010;0000;451.4;33.267857;22.914286;87.517857;
82610;31/03/2010;0000;291.4;34.43871;22.83871;86.903226;
82610;30/04/2010;0000;204.6;34.253333;22.166667;87.083333;
82610;31/05/2010;0000;402.2;32.287097;21.013333;86.66129;
82610;30/06/2010;0000;106.6;32.933333;21.236667;86.408333;
82610;31/07/2010;0000;36.6;31.770968;18.9;84.467742;
82610;31/08/2010;0000;25.2;35.183871;19.277419;79.096774;
82610;30/09/2010;0000;114.4;35.2;21.68;81.866667;
82610;31/10/2010;0000;232.8;34.506452;22.03871;84.145161;
82610;30/11/2010;0000;354.8;33.94;21.313333;87.458333;
82610;31/12/2010;0000;222.4;33.054839;21.619355;87.983871;
82610;31/01/2011;0000;316.2;33.029032;21.26129;89.306452;
82610;28/02/2011;0000;259.2;31.778571;20.614286;89.517857;
82610;31/03/2011;0000;361;32.480645;20.654839;89.620968;
82610;30/04/2011;0000;511.6;32.810345;20.848276;89.116667;
82610;31/05/2011;0000;200.8;31.78;21.75;88.548387;
82610;30/06/2011;0000;88.8;32.753333;20.75;87.066667;
82610;31/07/2011;0000;134.4;32.758065;20.022581;86.274194;
82610;31/08/2011;0000;65.4;34.206452;19.603226;82.483871;
82610;30/09/2011;0000;132.2;35.396552;21.482759;84.316667;
82610;31/10/2011;0000;271.8;34.087097;21.703333;88.225806;
82610;30/11/2011;0000;193.6;33.993333;22.05;86.483333;
82610;31/12/2011;0000;369;33.183871;21.283871;89.193548;
82610;31/01/2012;0000;360;32.074194;21.522581;91.66129;
82610;29/02/2012;0000;502.6;32.244828;20.855172;89.456897;
82610;31/03/2012;0000;499.6;32.764516;21.051613;88.604839;
82610;30/04/2012;0000;157.2;32.973333;21.973333;88.683333;
82610;31/05/2012;0000;192;33.196774;21.367742;88.104839;
82610;30/06/2012;0000;226.4;32.216667;19.953333;87.658333;
82610;31/07/2012;0000;26;33.132258;19.216129;83.758065;
82610;31/08/2012;0000;47.2;34.441935;20.046667;81.58871;
82610;30/09/2012;0000;98.2;35.683333;22.386667;77.6;
82610;31/10/2012;0000;145;34.73871;22.845161;83.959677;
82610;30/11/2012;0000;189.8;34.372414;23.437931;85.508333;
82610;31/12/2012;0000;316.8;;22.329032;88.225806;
82610;31/01/2013;0000;357.8;;22.683871;89.83871;
82610;28/02/2013;0000;334.4;32.4625;22.632143;88.026786;
82610;31/03/2013;0000;352.1;32.890323;23.012903;87.427419;
82610;30/04/2013;0000;149.6;33.524138;23.02069;85.808333;
82610;31/05/2013;0000;130;32.276667;22.962069;87.717742;
82610;30/06/2013;0000;102;33.473333;22.366667;86.175;
82610;31/07/2013;0000;107.8;32.832258;20.209677;84.975806;
82610;31/08/2013;0000;59.6;33.277419;20.232258;81.895161;
82610;30/09/2013;0000;85;34.966667;22.096667;81.658333;
82610;31/10/2013;0000;158;34.16129;23.206452;86.008333;
82610;30/11/2013;0000;283.6;33.675862;22.953333;88.133333;
82610;31/12/2013;0000;404.8;34.119355;23.006452;87.153226;
82610;31/01/2014;0000;356.2;32.006452;22.722581;89.758065;
82610;28/02/2014;0000;246.4;32.778571;22.485714;87.723214;
82610;31/03/2014;0000;371;32.690323;22.167742;89.564516;
82610;30/04/2014;0000;291.2;32.856667;22.666667;86.066667;
82610;31/05/2014;0000;127.8;32.616129;22.025806;88.524194;
82610;30/06/2014;0000;66.6;33.110345;21.366667;88.933333;
82610;31/07/2014;0000;46.2;32.36;20.263333;85.9;
82610;31/08/2014;0000;143;34.212903;21.129032;86.935484;
82610;30/09/2014;0000;130.4;35.896552;22.3;86.344828;
82610;31/10/2014;0000;89.4;35.38;22.741935;84.341667;
82610;30/11/2014;0000;257.6;33.36;23.22;88.341667;
82610;31/12/2014;0000;221.8;33.754839;22.896774;87.782258;
82610;31/01/2015;0000;269.6;32.126667;22.396552;91.008333;
82610;28/02/2015;0000;351.8;34.037037;22.855556;86.537037;
82610;31/03/2015;0000;510.8;33.480645;22.76129;86.846774;
82610;30/04/2015;0000;330.6;33.937931;22.682759;88.672414;
82610;31/05/2015;0000;260;33.058065;22.309677;88.08871;
82610;30/06/2015;0000;136;33.48;21.303448;84.658333;
82610;31/07/2015;0000;81.4;33.766667;20.941935;83.683333;
82610;31/08/2015;0000;97;35.753333;21.58;82.45;
82610;30/09/2015;0000;96.2;36.16;21.68;82.391667;
82610;31/10/2015;0000;181.4;36.029032;21.941935;82.532258;
82610;30/11/2015;0000;242.4;35.72;22.113333;86.375;
82610;31/12/2015;0000;412;34.077419;21.7;88.346774;
