--------------------
BDMEP - INMET
--------------------
Estação           : FLORIANOPOLIS - SC (OMM: 83897)
Latitude  (graus) : -27.58
Longitude (graus) : -48.56
Altitude  (metros): 1.84
Estação Operante
Inicio de operação: 01/12/1921
Periodo solicitado dos dados: 01/01/2000 a 01/01/2016
Os dados listados abaixo são os que encontram-se digitados no BDMEP
Hora em UTC
--------------------
Obs.: Os dados aparecem separados por ; (ponto e vírgula) no formato txt.
      Para o formato planilha XLS, siga as instruções
--------------------
Estacao;Data;Hora;PrecipitacaoTotal;TempMaximaMedia;TempMinimaMedia;UmidadeRelativaMedia;
83897;30/09/2001;0000;41;;;;
83897;31/10/2001;0000;259.1;25.104545;16.936667;79.884615;
83897;30/11/2001;0000;141.3;26.686207;18.51;80.439655;
83897;31/12/2001;0000;76.8;27.810714;19.007143;81.634615;
83897;31/01/2002;0000;229.9;29.458065;20.467742;78.883333;
83897;28/02/2002;0000;116.4;29.210714;19.653571;79.712963;
83897;31/03/2002;0000;117.2;31.012903;21.845161;81.883333;
83897;30/04/2002;0000;207.4;26.866667;19.043333;85.258621;
83897;31/05/2002;0000;88;25.267742;17.048387;84.306452;
83897;30/06/2002;0000;35.8;22.08;14.653333;84.366667;
83897;31/07/2002;0000;98.8;20.890323;12.6;81.274194;
83897;31/08/2002;0000;110.6;22.019355;14.887097;83.775;
83897;30/09/2002;0000;86.5;21.64;13.483333;75.975;
83897;31/10/2002;0000;173.8;25.987097;18.664516;81.685484;
83897;30/11/2002;0000;133.6;27.006667;18.926667;77.816667;
83897;31/12/2002;0000;180.8;28.248387;20.351613;78.016129;
83897;31/01/2003;0000;113.5;29.506452;21.729032;75.483871;
83897;28/02/2003;0000;78.2;31.65;23.15;76.553571;
83897;31/03/2003;0000;126.1;29.548387;21.51;77.258065;
83897;30/04/2003;0000;75.4;27.016667;19.260714;77.775;
83897;31/05/2003;0000;46.3;24.603226;14.741935;75.903226;
83897;30/06/2003;0000;84.2;23.113333;15.27;84.383333;
83897;31/07/2003;0000;23.3;21.377419;13.787097;81.556452;
83897;31/08/2003;0000;10;21.141935;11.919355;74.846774;
83897;30/09/2003;0000;109.8;22.256667;14.246667;77.475;
83897;31/10/2003;0000;111.3;24.506452;17.403226;76.862903;
83897;30/11/2003;0000;108.5;26.53;18.663333;73.5;
83897;31/12/2003;0000;255.9;27.445161;20.196774;75.120968;
83897;31/01/2004;0000;375.3;28.358065;21.106452;77.693548;
83897;29/02/2004;0000;196;28.803448;20.37931;75.741379;
83897;31/03/2004;0000;207.8;27.874194;19.829032;77.435484;
83897;30/04/2004;0000;127.8;27.336667;19.937931;81.741667;
83897;31/05/2004;0000;204.2;22.093548;14.596774;81.008065;
83897;30/06/2004;0000;92.5;22.24;14.333333;82.741667;
83897;31/07/2004;0000;83.1;20.583871;12.770968;81.008065;
83897;31/08/2004;0000;28.5;21.883871;13.106452;79.451613;
83897;30/09/2004;0000;127.8;23.29;17.38;81.566667;
83897;31/10/2004;0000;134.7;23.519355;16.019355;75.16129;
83897;30/11/2004;0000;130.1;25.77;18.836667;77.125;
83897;31/12/2004;0000;260.6;27.029032;20.122581;77.782258;
83897;31/01/2005;0000;211.9;28.951613;21.945161;76.620968;
83897;28/02/2005;0000;238.1;28.921429;21.246429;77.008929;
83897;31/03/2005;0000;134;29.354839;21.080645;76.975806;
83897;30/04/2005;0000;164.3;27.17;19.803333;78.341667;
83897;31/05/2005;0000;202;25.180645;16.406452;81.072581;
83897;30/06/2005;0000;31;24.707143;16.443333;83.633333;
83897;31/07/2005;0000;76;22.470968;12.6;79.919355;
83897;31/08/2005;0000;163.6;23.474194;14.587097;80.629032;
83897;30/09/2005;0000;307.1;20.58;14.13;81.458333;
83897;31/10/2005;0000;202.7;23.880645;17.783871;82.806452;
83897;30/11/2005;0000;89;25.993333;18.29;76.291667;
83897;31/12/2005;0000;90.6;27.141935;19.393548;73.524194;
83897;31/01/2006;0000;183.2;29.883871;22.264516;78.169355;
83897;28/02/2006;0000;174.2;29.453571;21.103571;79.0625;
83897;31/03/2006;0000;67.8;29.606452;21.245161;75.362903;
83897;30/04/2006;0000;68.1;26.923333;17.23;76.591667;
83897;31/05/2006;0000;49.2;22.874194;13.358065;74.814516;
83897;30/06/2006;0000;35.2;22.09;14.973333;80.516667;
83897;31/07/2006;0000;41.4;23.012903;14.477419;82.16129;
83897;31/08/2006;0000;56.5;22.048387;13.583871;76.677419;
83897;30/09/2006;0000;44;22.35;13.9;74.833333;
83897;31/10/2006;0000;95.9;24.206452;17.754839;78.717742;
83897;30/11/2006;0000;242.4;25.026667;18.396667;80.808333;
83897;31/12/2006;0000;83.7;28.632258;21.516129;77.120968;
83897;31/01/2007;0000;87.3;29.280645;21.66129;76.379032;
83897;28/02/2007;0000;140.1;29.025;21.385714;78.160714;
83897;31/03/2007;0000;213.7;30.387097;22.258065;80.193548;
83897;30/04/2007;0000;41.2;27.8;19.726667;79.85;
83897;31/05/2007;0000;142;22.170968;14.145161;80.362903;
83897;30/06/2007;0000;6.9;22.03;13.186667;79.558333;
83897;31/07/2007;0000;174.3;19.587097;10.845161;81.064516;
83897;31/08/2007;0000;89.7;19.609677;12.970968;82.943548;
83897;30/09/2007;0000;137;23.166667;16.92;82.566667;
83897;31/10/2007;0000;147.8;25.129032;18.748387;79.435484;
83897;30/11/2007;0000;102.8;25.426667;18.016667;74.041667;
83897;31/12/2007;0000;141.4;28.312903;20.641935;76.064516;
83897;31/01/2008;0000;354.9;27.987097;21.058065;77.524194;
83897;29/02/2008;0000;436.8;29.006897;20.768966;77.637931;
83897;31/03/2008;0000;243;28.567742;20.670968;78.967742;
83897;30/04/2008;0000;207.8;26.21;17.603333;78.933333;
83897;31/05/2008;0000;71.9;24.503226;13.806452;76.612903;
83897;30/06/2008;0000;68.6;21;12.44;80.441667;
83897;31/07/2008;0000;8.9;22.909677;14.4;81.33871;
83897;31/08/2008;0000;60.7;22.245161;15.077419;79.572581;
83897;30/09/2008;0000;230.4;21.783333;14.103333;77.041667;
83897;31/10/2008;0000;286.5;23.164516;17.577419;83.66129;
83897;30/11/2008;0000;614.9;24.506667;18.72;84.333333;
83897;31/12/2008;0000;304.5;27.096774;19.758065;75.870968;
83897;31/01/2009;0000;216.7;28.393548;20.364516;77.637097;
83897;28/02/2009;0000;141.8;28.85;21.971429;80.026786;
83897;31/03/2009;0000;219.6;29.393548;21.012903;77.669355;
83897;30/04/2009;0000;314.2;27.016667;18.663333;77.708333;
83897;31/05/2009;0000;81.8;24.583871;15.970968;78.83871;
83897;30/06/2009;0000;33.9;21.266667;11.69;77.891667;
83897;31/07/2009;0000;114.9;19.464516;12.003226;82.395161;
83897;31/08/2009;0000;127.8;22.077419;13.429032;82.217742;
83897;30/09/2009;0000;219.1;21.903333;15.9;81.766667;
83897;31/10/2009;0000;100.7;23.841935;15.983871;80.129032;
83897;30/11/2009;0000;121.3;28.44;21.12;80.833333;
83897;31/12/2009;0000;112.5;28.725806;21.670968;76.733871;
83897;31/01/2010;0000;223;29.570968;22.293548;81.233871;
83897;28/02/2010;0000;174.1;30.692857;22.871429;80.294643;
83897;31/03/2010;0000;267.2;28.667742;20.793548;81.217742;
83897;30/04/2010;0000;123.5;25.753333;18.316667;80.091667;
83897;31/05/2010;0000;443;23.232258;16.206452;82.879032;
83897;30/06/2010;0000;85.4;21.776667;13.47;80.825;
83897;31/07/2010;0000;96.2;21.141935;13.922581;82.822581;
83897;31/08/2010;0000;67;20.374194;12.748387;78;
83897;30/09/2010;0000;156.4;22.01;15.933333;80.066667;
83897;31/10/2010;0000;134;23.503226;15.922581;75.032258;
83897;30/11/2010;0000;156.3;25.876667;18.046667;75.55;
83897;31/12/2010;0000;114.7;27.351613;20.229032;79;
83897;31/01/2011;0000;296.4;30.1;22.441935;81.403226;
83897;28/02/2011;0000;284.8;29.507143;22.278571;83.026786;
83897;31/03/2011;0000;284.9;27.158065;20.3;81.854839;
83897;30/04/2011;0000;52.3;27.216667;18.23;79.783333;
83897;31/05/2011;0000;111.8;23.693548;15.722581;77.266129;
83897;30/06/2011;0000;81;21.113333;12.553333;78.283333;
83897;31/07/2011;0000;125.1;19.764516;12.916129;83.693548;
83897;31/08/2011;0000;371.9;20.470968;13.783871;79.354839;
83897;30/09/2011;0000;256.6;21.333333;13.473333;78.25;
83897;31/10/2011;0000;79.7;24.441935;17.693548;78.346774;
83897;30/11/2011;0000;87.5;25.233333;17.88;75.108333;
83897;31/12/2011;0000;228.1;27.983871;18.964516;77.096774;
83897;31/01/2012;0000;353.5;28.503226;20.777419;77.241935;
83897;29/02/2012;0000;73.7;30.068966;22.565517;78.758621;
83897;31/03/2012;0000;110.4;29.33871;19.712903;73.491935;
83897;30/04/2012;0000;80.7;26.296667;18.476667;78.933333;
83897;31/05/2012;0000;118;24.8;15.922581;81.33871;
83897;30/06/2012;0000;140.8;21.936667;13.866667;82.916667;
83897;31/07/2012;0000;162;21.080645;12.348387;82.362903;
83897;31/08/2012;0000;60.7;23.016129;15.96129;83.766129;
83897;30/09/2012;0000;64.2;23.586667;15.586667;75.158333;
83897;31/10/2012;0000;107.4;24.970968;18.548387;80.879032;
83897;30/11/2012;0000;103.4;27.08;19.466667;75.875;
83897;31/12/2012;0000;86.8;29.748387;22.145161;79.153226;
83897;31/01/2013;0000;92.6;28.764516;20.041935;73.91129;
83897;28/02/2013;0000;197.2;29.796429;21.596429;79.0625;
83897;31/03/2013;0000;324.9;27.109677;19.841935;79.548387;
83897;30/04/2013;0000;167.2;27.133333;17.52;77.258333;
83897;31/05/2013;0000;54;24.106452;15.054839;77.451613;
83897;30/06/2013;0000;121.4;22.163333;14.846667;84.266667;
83897;31/07/2013;0000;91.9;20.980645;11.68;80.612903;
83897;31/08/2013;0000;130.6;20.941935;12.754839;79.435484;
83897;30/09/2013;0000;224.4;22.533333;15.253333;79.391667;
83897;31/10/2013;0000;65.7;24.387097;17.458065;76.798387;
83897;30/11/2013;0000;107.9;26.176667;19.103333;76.575;
83897;31/12/2013;0000;90.9;28.835484;21.241935;77.991935;
83897;31/01/2014;0000;201.8;30.903226;22.222581;78.5;
83897;28/02/2014;0000;124.7;31.15;22.939286;76.901786;
83897;31/03/2014;0000;129;29.116129;20.758065;78.959677;
83897;30/04/2014;0000;106.1;26.653333;19.26;79.691667;
83897;31/05/2014;0000;85.5;24.041935;15.880645;79.33871;
83897;30/06/2014;0000;245.2;21.88;14.79;84.358333;
83897;31/07/2014;0000;55.3;21.719355;13.925806;80.709677;
83897;31/08/2014;0000;90.2;22.996774;13.354839;76.346774;
83897;30/09/2014;0000;153.3;23.51;16.84;81.908333;
83897;31/10/2014;0000;138.9;26;18.612903;74.556452;
83897;30/11/2014;0000;93;27.203333;19.9;74.141667;
83897;31/12/2014;0000;179.3;28.932258;21.254839;78.959677;
83897;31/01/2015;0000;186;31.73871;22.348387;76.193548;
83897;28/02/2015;0000;204.9;30.185714;21.889286;79.303571;
83897;31/03/2015;0000;148.6;28.7;20.667742;77.774194;
83897;30/04/2015;0000;153.5;26.566667;18.786667;79.15;
83897;31/05/2015;0000;203.1;24.048387;17.012903;82.298387;
83897;30/06/2015;0000;90.9;23.826667;14.106667;78.233333;
83897;31/07/2015;0000;277.9;21.880645;15.03871;84.16129;
83897;31/08/2015;0000;73.9;24.63871;17.26129;80.596774;
83897;30/09/2015;0000;261.3;23.316667;16.89;81.85;
83897;31/10/2015;0000;295.4;23.1;17.977419;85.685484;
83897;30/11/2015;0000;165.1;25.296667;19.506667;81.066667;
83897;31/12/2015;0000;230.9;28.541935;21.71;82.524194;
