--------------------
BDMEP - INMET
--------------------
Estação           : FORMOSA - GO (OMM: 83379)
Latitude  (graus) : -15.54
Longitude (graus) : -47.33
Altitude  (metros): 935.19
Estação Operante
Inicio de operação: 01/01/1925
Periodo solicitado dos dados: 01/01/2000 a 01/01/2016
Os dados listados abaixo são os que encontram-se digitados no BDMEP
Hora em UTC
--------------------
Obs.: Os dados aparecem separados por ; (ponto e vírgula) no formato txt.
      Para o formato planilha XLS, siga as instruções
--------------------
Estacao;Data;Hora;PrecipitacaoTotal;TempMaximaMedia;TempMinimaMedia;UmidadeRelativaMedia;
83379;31/01/2000;0000;334.1;27.909677;18.745161;77.040323;
83379;29/02/2000;0000;282.8;28.2;18.434483;76.801724;
83379;31/03/2000;0000;203.8;27.709677;18.56129;77.620968;
83379;30/04/2000;0000;18.3;28.373333;17.493333;68.683333;
83379;31/05/2000;0000;0.8;28.293548;15.374194;59.322581;
83379;30/06/2000;0000;0;27.44;14.066667;54.341667;
83379;31/07/2000;0000;0;27.019355;14.048387;55.475806;
83379;31/08/2000;0000;20.5;29.077419;15.870968;46.91129;
83379;30/09/2000;0000;72.1;28.523333;17.586667;55.758333;
83379;31/10/2000;0000;50;31.53871;18.925806;49.080645;
83379;30/11/2000;0000;200.5;26.943333;18.63;77.883333;
83379;31/12/2000;0000;242.3;27.674194;19.154839;81.556452;
83379;31/01/2001;0000;162.6;28.893548;18.264516;67.790323;
83379;28/02/2001;0000;88.3;30.242857;18.442857;64.571429;
83379;31/03/2001;0000;271.2;27.874194;18.193548;78.120968;
83379;30/04/2001;0000;13.8;29.13;17.806667;61.925;
83379;31/05/2001;0000;5.4;28.525806;16.825806;62.467742;
83379;30/06/2001;0000;0;27.366667;14.656667;56.916667;
83379;31/07/2001;0000;4.6;27.735484;14.341935;58.346774;
83379;31/08/2001;0000;29.5;27.241935;15.164516;61.475806;
83379;30/09/2001;0000;26.5;29.926667;17.956667;61.566667;
83379;31/10/2001;0000;132.2;28.067742;18.328571;69.709677;
83379;30/11/2001;0000;244.8;27.386667;;79.341667;
83379;31/12/2001;0000;269.7;27.13871;;78.879032;
83379;31/01/2002;0000;177;28.177419;;75.887097;
83379;28/02/2002;0000;231.6;28.028571;18.803571;78.0625;
83379;31/03/2002;0000;84.4;28.919355;18.974194;69.137097;
83379;30/04/2002;0000;10.2;29.036667;18.466667;63.783333;
83379;31/05/2002;0000;19;28.519355;16.816129;58.943548;
83379;30/06/2002;0000;3.9;26.806667;15.240909;54.291667;
83379;31/07/2002;0000;1.2;28.309677;15.622581;52.830645;
83379;31/08/2002;0000;4;29.390323;16.370968;46.951613;
83379;30/09/2002;0000;25.4;30.08;18.053333;55.058333;
83379;31/10/2002;0000;14.2;33.212903;20.245161;43.379032;
83379;30/11/2002;0000;139.1;29.9;19.253333;64.958333;
83379;31/12/2002;0000;285.5;28.819355;19.703226;74.193548;
83379;31/01/2003;0000;352.5;28.216129;19.519355;79.258065;
83379;28/02/2003;0000;80;29.203571;18.9;69.285714;
83379;31/03/2003;0000;230.8;28.283871;18.593548;77.927419;
83379;30/04/2003;0000;61.3;28.446667;18.423333;72.291667;
83379;31/05/2003;0000;69.2;27.070968;15.658065;66.33871;
83379;30/06/2003;0000;0;27.536667;14.736667;54.1;
83379;31/07/2003;0000;0;26.674194;13.867742;51.379032;
83379;31/08/2003;0000;14.9;29.006452;15.96129;52.387097;
83379;30/09/2003;0000;18;30.533333;17.873333;49.3;
83379;31/10/2003;0000;8.1;30.529032;18.709677;52.322581;
83379;30/11/2003;0000;157.2;28.6;18.686207;71.041667;
83379;31/12/2003;0000;231.9;29.8;19.812903;67.612903;
83379;31/01/2004;0000;494.7;26.332258;19.103226;86.33871;
83379;29/02/2004;0000;518.7;26.237931;18.725;85.534483;
83379;31/03/2004;0000;256.6;27.712903;18.551613;78.927419;
83379;30/04/2004;0000;134.1;27.26;17.846667;76.6;
83379;31/05/2004;0000;1.4;27.396774;17.077419;70.580645;
83379;30/06/2004;0000;0;26.066667;14.075862;65.008333;
83379;31/07/2004;0000;0;25.425806;13.516129;60.951613;
83379;31/08/2004;0000;2.8;28.593548;14.958065;45.862903;
83379;30/09/2004;0000;0;31.293333;17.186667;34.158333;
83379;31/10/2004;0000;49.1;30.651613;19.303226;58.516129;
83379;30/11/2004;0000;54.6;29.803333;19.736667;65.958333;
83379;31/12/2004;0000;245.6;28.483871;18.864516;78.451613;
83379;31/01/2005;0000;205;28.135484;19.429032;81.451613;
83379;28/02/2005;0000;208.6;28.710714;19.157143;78.794643;
83379;31/03/2005;0000;328.9;27.887097;19.193548;83.629032;
83379;30/04/2005;0000;73.3;28.796667;18.63;72.333333;
83379;31/05/2005;0000;35.2;26.767742;16.206452;65.725806;
83379;30/06/2005;0000;0.6;26.06;15.28;65.45;
83379;31/07/2005;0000;0;26.412903;13.977419;54.104839;
83379;31/08/2005;0000;0.3;29.106452;16.032258;45.048387;
83379;30/09/2005;0000;86.2;30.893333;18.646667;53.925;
83379;31/10/2005;0000;11.6;32.735484;20.212903;42.685484;
83379;30/11/2005;0000;301.4;27.06;18.466667;79.175;
83379;31/12/2005;0000;326.3;26.683871;18.129032;78.548387;
83379;31/01/2006;0000;115.4;29.151613;18.751613;66.153226;
83379;28/02/2006;0000;168.2;29.103571;20.1;74.803571;
83379;31/03/2006;0000;180.7;27.654839;19.980645;80.532258;
83379;30/04/2006;0000;153;27.483333;19.056667;74.225;
83379;31/05/2006;0000;7.6;26.967742;17.109677;65.782258;
83379;30/06/2006;0000;2.3;25.76;14.43;60.4;
83379;31/07/2006;0000;0;26.603226;14.267742;55.798387;
83379;31/08/2006;0000;3.6;29.541935;17.054839;46.814516;
83379;30/09/2006;0000;75.3;29.423333;17.786667;53.358333;
83379;31/10/2006;0000;460.3;27.748387;19.293548;78.354839;
83379;30/11/2006;0000;163.7;28.013333;19.376667;75.758333;
83379;31/12/2006;0000;213.9;27.912903;19.648387;76.629032;
83379;31/01/2007;0000;225;28.412903;19.883871;77.540323;
83379;28/02/2007;0000;409.1;27.167857;19;81.223214;
83379;31/03/2007;0000;38.7;29.006452;18.719355;64.346774;
83379;30/04/2007;0000;56.8;28.75;18.656667;67.275;
83379;31/05/2007;0000;1;28.293548;16.429032;58.887097;
83379;30/06/2007;0000;0;27.396667;15.036667;53.55;
83379;31/07/2007;0000;0;28.312903;15.170968;50.91129;
83379;31/08/2007;0000;0;27.712903;15.290323;38.129032;
83379;30/09/2007;0000;0;30.693333;17.733333;36.5;
83379;31/10/2007;0000;56.3;32.019355;19.909677;45.822581;
83379;30/11/2007;0000;240.6;29.756667;19.746667;64.966667;
83379;31/12/2007;0000;130;28.219355;19.106452;71.467742;
83379;31/01/2008;0000;228.9;27.993548;19.241935;72.532258;
83379;29/02/2008;0000;162.7;28.2;19.027586;76.706897;
83379;31/03/2008;0000;156.8;27.658065;18.732258;77.830645;
83379;30/04/2008;0000;165.4;27.973333;18.71;74.35;
83379;31/05/2008;0000;0;27.532258;16.016129;60.209677;
83379;30/06/2008;0000;0;26.646667;14.813333;55.45;
83379;31/07/2008;0000;0;26.170968;13.63871;47.096774;
83379;31/08/2008;0000;11;28.951613;15.812903;38.790323;
83379;30/09/2008;0000;69.6;30.923333;17.983333;45.125;
83379;31/10/2008;0000;23.1;32.154839;19.419355;45.685484;
83379;30/11/2008;0000;195.5;28.26;19.523333;74.7;
83379;31/12/2008;0000;302.3;26.819355;19.319355;79.379032;
83379;31/01/2009;0000;235.5;28.13871;19.480645;77.379032;
83379;28/02/2009;0000;164;28.932143;19.157143;73.267857;
83379;31/03/2009;0000;101.1;29.280645;19.477419;72.483871;
83379;30/04/2009;0000;279.7;26.983333;18.5;78.858333;
83379;31/05/2009;0000;8.3;26.535484;16.722581;71.217742;
83379;30/06/2009;0000;9.5;26.706667;15.416667;65.6;
83379;31/07/2009;0000;0;27.883871;15.454839;50.008065;
83379;31/08/2009;0000;62.7;28.212903;16.590323;51.943548;
83379;30/09/2009;0000;31.7;30.506667;19.516667;55.566667;
83379;31/10/2009;0000;219;29.048387;19.248387;73.072581;
83379;30/11/2009;0000;153.9;28.827586;19.46;71.816667;
83379;31/12/2009;0000;368.1;27.329032;19.070968;80.209677;
83379;31/01/2010;0000;175.6;29.070968;19.1;71.419355;
83379;28/02/2010;0000;61.4;30.121429;19.95;65.9375;
83379;31/03/2010;0000;272.9;28.851613;19.748387;76.959677;
83379;30/04/2010;0000;59.7;28.586667;17.696667;64.9;
83379;31/05/2010;0000;9.6;29.290323;17.2;61.322581;
83379;30/06/2010;0000;0.1;27.613333;14.586667;54.508333;
83379;31/07/2010;0000;0;26.964516;14.941935;51.58871;
83379;31/08/2010;0000;0;28.487097;14.506452;42.169355;
83379;30/09/2010;0000;0.1;31.03;17.373333;38.875;
83379;31/10/2010;0000;112.1;30.819355;19.748387;64.032258;
83379;30/11/2010;0000;192.4;27.3;18.576667;79.275;
83379;31/12/2010;0000;292.4;28.148387;19.045161;77.217742;
83379;31/01/2011;0000;336.3;27.609677;18.909677;77.540323;
83379;28/02/2011;0000;103.7;29.182143;18.875;71.910714;
83379;31/03/2011;0000;191.2;28.03871;18.970968;80.298387;
83379;30/04/2011;0000;64.5;28.176667;17.69;70.35;
83379;31/05/2011;0000;5.9;27.364516;15.867742;63.129032;
83379;30/06/2011;0000;0.3;27.413333;14.896552;59.441667;
83379;31/07/2011;0000;0;27.803226;14.280645;50.225806;
83379;31/08/2011;0000;0;30.580645;15.729032;39.016129;
83379;30/09/2011;0000;7.8;31.093333;17.046667;35.983333;
83379;31/10/2011;0000;149.3;27.858065;18.193548;71.701613;
83379;30/11/2011;0000;274;26.553333;17.884615;75.758333;
83379;31/12/2011;0000;267;27.590323;18.933333;77.274194;
83379;31/01/2012;0000;284.5;27.187097;18.596774;78.951613;
83379;29/02/2012;0000;53.8;28.617241;19.396552;69.577586;
83379;31/03/2012;0000;137.7;29.3;19.686667;67.66129;
83379;30/04/2012;0000;77.9;29.973333;19.916667;65.566667;
83379;31/05/2012;0000;20.8;26.822581;17.512903;68.951613;
83379;30/06/2012;0000;8.6;28.313333;17.22;59.358333;
83379;31/07/2012;0000;0;27.803226;15.787097;49.41129;
83379;31/08/2012;0000;0;27.351613;15.975862;45.33871;
83379;30/09/2012;0000;4.2;31.23;19.585714;40.858333;
83379;31/10/2012;0000;50;31.9;20.158065;45.346774;
83379;30/11/2012;0000;269.1;27.526667;20.273333;81.258333;
83379;31/12/2012;0000;103.2;30.76129;20.56129;64.403226;
83379;31/01/2013;0000;350.4;27.145161;19.764516;80.282258;
83379;28/02/2013;0000;174.7;29.621429;20.003571;66.473214;
83379;31/03/2013;0000;292.7;28.741935;20.283871;75.274194;
83379;30/04/2013;0000;89.7;27.45;18.04;76.008333;
83379;31/05/2013;0000;11.7;28.296774;16.883871;63.379032;
83379;30/06/2013;0000;28.9;27.286667;16.533333;64.308333;
83379;31/07/2013;0000;0;27.948387;15.412903;53.258065;
83379;31/08/2013;0000;0;29.012903;16.025806;44;
83379;30/09/2013;0000;57.7;30.45;18.086667;51.691667;
83379;31/10/2013;0000;108;29.23871;19.019355;62.096774;
83379;30/11/2013;0000;188.6;28.673333;19.25;71.025;
83379;31/12/2013;0000;319.5;27.725806;19.780645;81.330645;
83379;31/01/2014;0000;84.8;29.235484;19.125806;67.096774;
83379;28/02/2014;0000;185;28.45;19.217857;69.285714;
83379;31/03/2014;0000;286.5;27.809677;19.158065;79.064516;
83379;30/04/2014;0000;152.1;28.496667;19.19;74.075;
83379;31/05/2014;0000;11.2;28.154839;16.980645;63.370968;
83379;30/06/2014;0000;9.1;27.167857;15.963333;61.05;
83379;31/07/2014;0000;0;27.041935;15.264516;57.951613;
83379;31/08/2014;0000;0;29.458065;15.980645;41.137097;
83379;30/09/2014;0000;2.1;32.26;19.443333;42.916667;
83379;31/10/2014;0000;66.7;31.616129;19.790323;46.33871;
83379;30/11/2014;0000;197.1;29.286667;19.8;71.9;
83379;31/12/2014;0000;230;27.458065;19.051613;77.266129;
83379;31/01/2015;0000;98.4;30.967742;20.016129;59.806452;
83379;28/02/2015;0000;243.2;28.210714;19.464286;71.633929;
83379;31/03/2015;0000;185.9;27.806452;19.287097;80.274194;
83379;30/04/2015;0000;162;28.743333;19.733333;77.416667;
83379;31/05/2015;0000;23.3;26.693548;17.280645;73.282258;
83379;30/06/2015;0000;0;26.796667;16.163333;61.6;
83379;31/07/2015;0000;0;27.712903;16.358065;56.370968;
83379;31/08/2015;0000;0;29.545161;16.66129;47.064516;
83379;30/09/2015;0000;15.1;33.296552;20.13;43;
83379;31/10/2015;0000;46.5;34.067742;21.3;44.685484;
83379;30/11/2015;0000;182.6;31.953333;20.656667;62.533333;
83379;31/12/2015;0000;79.5;31.577419;20.503226;60.645161;
