--------------------
BDMEP - INMET
--------------------
Estação           : FRANCA - SP (OMM: 83630)
Latitude  (graus) : -20.58
Longitude (graus) : -47.36
Altitude  (metros): 1026.20
Estação Operante
Inicio de operação: 01/01/1911
Periodo solicitado dos dados: 01/01/2000 a 01/01/2016
Os dados listados abaixo são os que encontram-se digitados no BDMEP
Hora em UTC
--------------------
Obs.: Os dados aparecem separados por ; (ponto e vírgula) no formato txt.
      Para o formato planilha XLS, siga as instruções
--------------------
Estacao;Data;Hora;PrecipitacaoTotal;TempMaximaMedia;TempMinimaMedia;UmidadeRelativaMedia;
83630;31/01/2000;0000;525.4;27.029032;18.735484;81.508065;
83630;29/02/2000;0000;426.1;26.824138;18.955172;81.956897;
83630;31/03/2000;0000;156.2;26.751613;18.832258;79.927419;
83630;30/04/2000;0000;10.6;26.57;16.763333;66.608333;
83630;31/05/2000;0000;8.1;24.564516;14.874194;64.387097;
83630;30/06/2000;0000;0.2;25.226667;14.94;56.175;
83630;31/07/2000;0000;28.1;23.919355;12.65;56.741935;
83630;31/08/2000;0000;28.2;26.967742;16.029032;53.879032;
83630;30/09/2000;0000;122.9;25.593333;16.366667;70.125;
83630;31/10/2000;0000;29.3;30.487097;19.812903;54.419355;
83630;30/11/2000;0000;194.1;26.706667;17.836667;74.966667;
83630;31/12/2000;0000;172.8;27.232258;18.945161;77.451613;
83630;31/01/2001;0000;256.2;27.951613;18.867742;74.153226;
83630;28/02/2001;0000;141.9;28.817857;19.553571;73.3125;
83630;31/03/2001;0000;235.8;27.641935;19.164516;73.967742;
83630;30/04/2001;0000;47.5;27.76;18.43;67.225;
83630;31/05/2001;0000;35.7;24.035484;14.732258;69.741935;
83630;30/06/2001;0000;0.7;24.393333;14.126667;63.5;
83630;31/07/2001;0000;5.9;25.932258;15.522581;55.879032;
83630;31/08/2001;0000;61.5;25.793548;14.706452;52.435484;
83630;30/09/2001;0000;50.9;26.596667;16.446667;60.566667;
83630;31/10/2001;0000;148.9;27;17.774194;65.540323;
83630;30/11/2001;0000;223.6;27.423333;18.89;74.95;
83630;31/12/2001;0000;363.8;26.348387;18.606452;77.774194;
83630;31/01/2002;0000;251;27.187097;19.177419;78.41129;
83630;28/02/2002;0000;337.8;26.114286;18.714286;83.732143;
83630;31/03/2002;0000;136.2;28.132258;19.445161;73.362903;
83630;30/04/2002;0000;19.9;28.55;19.093333;60.375;
83630;31/05/2002;0000;31.1;25.783871;16.151613;67.612903;
83630;30/06/2002;0000;0;25.773333;16.263333;54.041667;
83630;31/07/2002;0000;29.9;24.780645;14.609677;57.580645;
83630;31/08/2002;0000;8.8;27.625806;17.4;49.895161;
83630;30/09/2002;0000;67.4;26.516667;16.19;60.241667;
83630;31/10/2002;0000;46.7;31.716129;20.16129;50.217742;
83630;30/11/2002;0000;227.5;27.836667;18.463333;72.525;
83630;31/12/2002;0000;312;28.125806;19.248387;77.532258;
83630;31/01/2003;0000;517.6;26.429032;19.383871;85.362903;
83630;28/02/2003;0000;132.6;28.725;19.442857;69.919643;
83630;31/03/2003;0000;239.4;26.822581;18.719355;78.185484;
83630;30/04/2003;0000;144.2;26.313333;17.776667;74.683333;
83630;31/05/2003;0000;125.9;23.480645;13.941935;69.451613;
83630;30/06/2003;0000;0;25.536667;15.973333;60.25;
83630;31/07/2003;0000;0;24.764516;14.706452;54.354839;
83630;31/08/2003;0000;23.8;25.680645;14.351613;56.6;
83630;30/09/2003;0000;28.1;28.326667;16.913333;54.7;
83630;31/10/2003;0000;83.7;27.93871;17.932258;61.41129;
83630;30/11/2003;0000;207.3;27.063333;18.06;73.266667;
83630;31/12/2003;0000;253.8;27.693548;19.206452;77.564516;
83630;31/01/2004;0000;250.7;26.851613;19.03871;78.774194;
83630;29/02/2004;0000;314.4;26.075862;18.541379;81.62069;
83630;31/03/2004;0000;102.7;26.729032;17.887097;73.258065;
83630;30/04/2004;0000;140.3;26.026667;17.996667;77.95;
83630;31/05/2004;0000;108.3;23.441935;14.609677;77.75;
83630;30/06/2004;0000;15.9;22.776667;13.716667;69.625;
83630;31/07/2004;0000;31.5;22.629032;13.235484;66.443548;
83630;31/08/2004;0000;0;26.183871;15.022581;50.330645;
83630;30/09/2004;0000;5;30.59;19.153333;43.091667;
83630;31/10/2004;0000;169.6;26.358065;17.151613;73.064516;
83630;30/11/2004;0000;198.1;26.94;18.2;73.1;
83630;31/12/2004;0000;403.7;26.516129;18.470968;79.298387;
83630;31/01/2005;0000;412.9;26.9;19.5;83.967742;
83630;28/02/2005;0000;116.6;27.978571;18.732143;70.25;
83630;31/03/2005;0000;256.3;27.3;19.051613;78.217742;
83630;30/04/2005;0000;78.2;27.35;18.693333;70.666667;
83630;31/05/2005;0000;145.3;24.477419;15.629032;68.072581;
83630;30/06/2005;0000;16.7;23.846667;15.003333;68.991667;
83630;31/07/2005;0000;17.9;23.254839;13.967742;65.822581;
83630;31/08/2005;0000;1.2;26.774194;16.145161;52.25;
83630;30/09/2005;0000;61.5;26.613333;16.803333;68.558333;
83630;31/10/2005;0000;157;29.516129;19.319355;63.693548;
83630;30/11/2005;0000;321.4;26.543333;18.146667;78.091667;
83630;31/12/2005;0000;366.7;25.732258;17.945161;81.008065;
83630;31/01/2006;0000;235.6;27.76129;19.264516;71.991935;
83630;28/02/2006;0000;332.2;27.410714;19.314286;81.794643;
83630;31/03/2006;0000;157.2;27.174194;19.345161;81.516129;
83630;30/04/2006;0000;20.2;26.236667;17.853333;72.15;
83630;31/05/2006;0000;3.7;23.993548;14.516129;64.887097;
83630;30/06/2006;0000;21.8;23.783333;14.133333;61.258333;
83630;31/07/2006;0000;10.8;25.490323;15.296774;53.395161;
83630;31/08/2006;0000;27;27.593548;16.551613;47.830645;
83630;30/09/2006;0000;40.8;26.753333;16.316667;60.35;
83630;31/10/2006;0000;346.2;26.580645;17.858065;75.427419;
83630;30/11/2006;0000;355.4;26.743333;17.963333;77.566667;
83630;31/12/2006;0000;464.8;26.512903;19.26129;83.25;
83630;31/01/2007;0000;487.4;26.03871;19.477419;87.33871;
83630;28/02/2007;0000;181.5;27.496429;19.132143;76.5625;
83630;31/03/2007;0000;120.4;28.432258;19.635484;69.516129;
83630;30/04/2007;0000;77.2;27.153333;18.716667;72.366667;
83630;31/05/2007;0000;45.8;24.322581;15.13871;67.612903;
83630;30/06/2007;0000;0.2;24.946667;15.53;59.666667;
83630;31/07/2007;0000;75.3;24.519355;14.551613;60.903226;
83630;31/08/2007;0000;0;26.63871;15.774194;49.120968;
83630;30/09/2007;0000;6.6;29.596667;18.103333;46.591667;
83630;31/10/2007;0000;67.1;30.46129;19.225806;54.201613;
83630;30/11/2007;0000;200.8;27.353333;18.11;74.833333;
83630;31/12/2007;0000;283.8;28.090323;19.248387;74.266129;
83630;31/01/2008;0000;342.3;26.451613;18.848387;80.975806;
83630;29/02/2008;0000;216.7;27.044828;18.817241;80.991379;
83630;31/03/2008;0000;208.9;26.632258;18.229032;77.645161;
83630;30/04/2008;0000;152.5;25.886667;18.1;77.858333;
83630;31/05/2008;0000;45.5;23.541935;15.23871;71.693548;
83630;30/06/2008;0000;12.2;24.226667;15.446667;68.75;
83630;31/07/2008;0000;0;24.73871;14.387097;50.75;
83630;31/08/2008;0000;52.3;27.16129;16.522581;53.879032;
83630;30/09/2008;0000;27.5;28.266667;16.03;53.583333;
83630;31/10/2008;0000;123.4;28.690323;19.003226;64.459677;
83630;30/11/2008;0000;148.4;28.063333;18;73.166667;
83630;31/12/2008;0000;421.7;26.93871;18.177419;79.66129;
83630;31/01/2009;0000;348.6;27.077419;18.545161;80.08871;
83630;28/02/2009;0000;232.8;28.060714;19.478571;78.125;
83630;31/03/2009;0000;226.6;27.303226;19.312903;81.153226;
83630;30/04/2009;0000;59.4;26.116667;17.283333;72.208333;
83630;31/05/2009;0000;92.9;25.351613;16.151613;71.75;
83630;30/06/2009;0000;28.7;22.896667;13.61;69.825;
83630;31/07/2009;0000;20.4;25.874194;15.509677;64.08871;
83630;31/08/2009;0000;27.1;25.683871;15.548387;60.387097;
83630;30/09/2009;0000;132.5;27.53;17.86;69.441667;
83630;31/10/2009;0000;250.1;27.677419;17.893548;75.540323;
83630;30/11/2009;0000;215.9;28.93;19.65;74.041667;
83630;31/12/2009;0000;401.1;26.529032;18.948387;83.451613;
83630;31/01/2010;0000;426.5;27.987097;19.645161;79.153226;
83630;28/02/2010;0000;186.3;28.807143;19.692857;73.089286;
83630;31/03/2010;0000;195.3;28.519355;19.619355;74.879032;
83630;30/04/2010;0000;36.1;26.746667;17.123333;69.866667;
83630;31/05/2010;0000;33.7;25.312903;15.158065;65.596774;
83630;30/06/2010;0000;9;25.08;13.643333;60.6;
83630;31/07/2010;0000;2.8;;15.454839;54.774194;
83630;31/08/2010;0000;0;;15.251613;43.266129;
83630;30/09/2010;0000;101;;17.32;53.133333;
83630;31/10/2010;0000;148.2;;17.254839;67.016129;
83630;30/11/2010;0000;217.7;;18.166667;73.866667;
83630;31/12/2010;0000;272.3;28.686207;19.429032;76.524194;
83630;31/01/2011;0000;270.5;27.748387;19.574194;80.209677;
83630;28/02/2011;0000;150.5;28.592857;19.367857;75.321429;
83630;31/03/2011;0000;351;26.219355;18.770968;86.129032;
83630;30/04/2011;0000;130.6;26.776667;17.68;72.583333;
83630;31/05/2011;0000;1.9;24.854839;14.96129;68.814516;
83630;30/06/2011;0000;35.3;23.88;12.896667;67.383333;
83630;31/07/2011;0000;0.8;25.603226;15.070968;56.5;
83630;31/08/2011;0000;25.6;28.112903;16.335484;50.983871;
83630;30/09/2011;0000;14.4;29.736667;16.843333;45.716667;
83630;31/10/2011;0000;167.5;27.093548;17.377419;71.25;
83630;30/11/2011;0000;164.2;27.01;16.746667;68.108333;
83630;31/12/2011;0000;315.7;27.293548;18.148387;77.66129;
83630;31/01/2012;0000;346.5;26.13871;17.703226;81.137097;
83630;29/02/2012;0000;146.5;28.751724;18.986207;68.982759;
83630;31/03/2012;0000;206.2;28.116129;18.416129;72.677419;
83630;30/04/2012;0000;52;27.16;17.96;74.866667;
83630;31/05/2012;0000;30.9;23.754839;14.374194;72.314516;
83630;30/06/2012;0000;96.2;24.433333;16.003333;72.818966;
83630;31/07/2012;0000;37.1;24.996774;14.793548;58.217742;
83630;31/08/2012;0000;0;25.767742;14.451613;51.879032;
83630;30/09/2012;0000;85.9;29.413333;17.553333;50.275;
83630;31/10/2012;0000;83.4;30.996774;19.606452;53.919355;
83630;30/11/2012;0000;184.5;28.596667;18.573333;71.975;
83630;31/12/2012;0000;269.7;29.080645;19.651613;75.375;
83630;31/01/2013;0000;257.4;27.919355;18.951613;78.080645;
83630;28/02/2013;0000;284.7;28.403571;18.967857;77.767857;
83630;31/03/2013;0000;257.4;27.229032;18.774194;80.66129;
83630;30/04/2013;0000;108.2;25.746667;16.81;73.783333;
83630;31/05/2013;0000;125.4;25.651613;16.154839;68.330645;
83630;30/06/2013;0000;81.5;24.986667;16.23;71.875;
83630;31/07/2013;0000;11.8;24.470968;13.76129;63.733871;
83630;31/08/2013;0000;20.4;26.622581;14.683871;51.685484;
83630;30/09/2013;0000;66.4;27.906667;16.593333;57.25;
83630;31/10/2013;0000;107;27.651613;17.180645;67.185484;
83630;30/11/2013;0000;148.4;27.286667;18.403333;74.783333;
83630;31/12/2013;0000;261.2;28.354839;19.287097;77.806452;
83630;31/01/2014;0000;131.9;29.970968;19.448387;64.145161;
83630;28/02/2014;0000;115;30.128571;19.839286;60.098214;
83630;31/03/2014;0000;75.1;28.287097;18.854839;71.895161;
83630;30/04/2014;0000;144.5;27.12;17.9;74.441667;
83630;31/05/2014;0000;12.9;25.632258;15.529032;64.604839;
83630;30/06/2014;0000;7.1;25.6;15.66;62.808333;
83630;31/07/2014;0000;59.9;24.206452;14.412903;63.451613;
83630;31/08/2014;0000;0;28.345161;16.506452;47.895161;
83630;30/09/2014;0000;46;30;17.373333;52.516667;
83630;31/10/2014;0000;22.1;30.983871;18.683871;49.225806;
83630;30/11/2014;0000;221.8;28.35;18.75;72.716667;
83630;31/12/2014;0000;256.9;27.822581;19.054839;75.612903;
83630;31/01/2015;0000;217.8;31.151613;20.209677;63.209677;
83630;28/02/2015;0000;245.2;28.546429;18.975;75.205357;
83630;31/03/2015;0000;198.7;26.719355;18.667742;82.846774;
83630;30/04/2015;0000;135.9;26.966667;17.92;77.141667;
83630;31/05/2015;0000;83.8;24.280645;15.664516;77.032258;
83630;30/06/2015;0000;30.1;24.653333;15.196667;69.808333;
83630;31/07/2015;0000;11.9;25.283871;16.135484;65.241935;
83630;31/08/2015;0000;0;27.816129;16.016129;51.330645;
83630;30/09/2015;0000;139.1;29.456667;19.263333;59.008333;
83630;31/10/2015;0000;143.4;31.919355;20.245161;57.096774;
83630;30/11/2015;0000;241;29.023333;19.33;77.283333;
83630;31/12/2015;0000;294.1;28.774194;19.345161;78.879032;
