--------------------
BDMEP - INMET
--------------------
Estação           : FRUTAL - MG (OMM: 83574)
Latitude  (graus) : -20.03
Longitude (graus) : -48.93
Altitude  (metros): 543.67
Estação Operante
Inicio de operação: 27/11/1913
Periodo solicitado dos dados: 01/01/2000 a 01/01/2016
Os dados listados abaixo são os que encontram-se digitados no BDMEP
Hora em UTC
--------------------
Obs.: Os dados aparecem separados por ; (ponto e vírgula) no formato txt.
      Para o formato planilha XLS, siga as instruções
--------------------
Estacao;Data;Hora;PrecipitacaoTotal;TempMaximaMedia;TempMinimaMedia;UmidadeRelativaMedia;
83574;31/01/2000;0000;398.9;30.606452;21.735484;81.112903;
83574;29/02/2000;0000;224;30.234483;21.589655;81.034483;
83574;31/03/2000;0000;240.2;29.577419;21.303226;82.620968;
83574;30/04/2000;0000;20.7;31.3;19.366667;65.666667;
83574;31/05/2000;0000;2.9;29.516129;16.4;64.532258;
83574;30/06/2000;0000;1.6;30.146667;16.566667;56.683333;
83574;31/07/2000;0000;22.7;27.951613;13.43871;55.41129;
83574;31/08/2000;0000;43.2;31.829032;16.706452;50.451613;
83574;30/09/2000;0000;81.2;30.27;19.286667;64.866667;
83574;31/10/2000;0000;15.4;35.145161;22.164516;47.685484;
83574;30/11/2000;0000;394.2;30.983333;20.67;69.433333;
83574;31/12/2000;0000;219.9;30.245161;21.403226;74.693548;
83574;31/01/2001;0000;223.3;31.558065;21.470968;71.959677;
83574;28/02/2001;0000;123.3;32.264286;21.617857;70.401786;
83574;31/03/2001;0000;241.8;31.370968;21.316129;71.669355;
83574;30/04/2001;0000;48.3;32.096667;20.563333;61.933333;
83574;31/05/2001;0000;77.8;27.912903;16.090323;67.927419;
83574;30/06/2001;0000;8.7;28.123333;14.903333;65.425;
83574;31/07/2001;0000;0.8;30.725806;15.664516;55.314516;
83574;31/08/2001;0000;8.6;31.758065;16.687097;46.282258;
83574;30/09/2001;0000;49.1;32.903333;18.79;52.983333;
83574;31/10/2001;0000;169.3;32.36129;19.967742;59.701613;
83574;30/11/2001;0000;164.8;31.953333;21.553333;71.316667;
83574;31/12/2001;0000;263.8;31.116129;21.216129;74.209677;
83574;31/01/2002;0000;302.5;31.912903;21.648387;76.330645;
83574;28/02/2002;0000;383.7;30.121429;21.107143;83.678571;
83574;31/03/2002;0000;91.5;33.729032;21.896774;68.935484;
83574;30/04/2002;0000;3.6;34.196667;20.686667;53.833333;
83574;31/05/2002;0000;44.9;30.436667;18.277419;63.483871;
83574;30/06/2002;0000;0;31.476667;17.186207;50.491667;
83574;31/07/2002;0000;2.1;28.854839;15.274194;57.75;
83574;31/08/2002;0000;12.1;32.96;19.154839;46.308333;
83574;30/09/2002;0000;74;30.41;18.706897;54.5;
83574;31/10/2002;0000;61.5;36.922581;22.712903;45.096774;
83574;30/11/2002;0000;145.5;32.116667;21.553333;65.875;
83574;31/12/2002;0000;133.4;32.3;22.370968;70.895161;
83574;31/01/2003;0000;566;30.454839;21.909677;80.217742;
83574;28/02/2003;0000;102.8;32.592857;22.017857;69.580357;
83574;31/03/2003;0000;286.1;30.970968;21.029032;74.653226;
83574;30/04/2003;0000;118.4;30.976667;20.133333;69.616667;
83574;31/05/2003;0000;21.2;28.080645;15.677419;62.024194;
83574;30/06/2003;0000;8.4;30.713333;16.45;55.541667;
83574;31/07/2003;0000;0;30.151613;16.535484;46.072581;
83574;31/08/2003;0000;19.9;30.003226;15.512903;48.943548;
83574;30/09/2003;0000;49.5;33.046667;18.67931;46.25;
83574;31/10/2003;0000;41;32.496774;19.94;56.620968;
83574;30/11/2003;0000;177.8;31.236667;20.358621;68.608333;
83574;31/12/2003;0000;217;32.645161;21.810345;71.362903;
83574;31/01/2004;0000;181.2;31.219355;21.843333;75.048387;
83574;29/02/2004;0000;194.4;30.762069;20.844828;75.448276;
83574;31/03/2004;0000;87.2;32.154839;20.243333;67.096774;
83574;30/04/2004;0000;162.6;31.113333;20.186207;70.066667;
83574;31/05/2004;0000;37.9;27.141935;16.616667;72.669355;
83574;30/06/2004;0000;20.2;27.353333;14.616667;63.775;
83574;31/07/2004;0000;34;27.36129;14.558065;62.008065;
83574;31/08/2004;0000;0.6;31.206452;15.790323;44.540323;
83574;30/09/2004;0000;2.4;35.753333;20.426667;34.991667;
83574;31/10/2004;0000;94.6;31.06129;19.86129;63.137097;
83574;30/11/2004;0000;145.2;31.813333;20.541379;63.441667;
83574;31/12/2004;0000;344.8;31.4;21.013793;74.362903;
83574;31/01/2005;0000;427.2;31.187097;21.990323;80.685484;
83574;28/02/2005;0000;19.9;33.332143;21.375;62.964286;
83574;31/03/2005;0000;143.5;32.232258;21.609677;72.782258;
83574;30/04/2005;0000;20.3;32.896667;21.216667;62.391667;
83574;31/05/2005;0000;110.3;29.829032;17.780645;60.887097;
83574;30/06/2005;0000;18.5;28.64;16.827586;63.116667;
83574;31/07/2005;0000;22.8;27.7;15.222581;60.637097;
83574;31/08/2005;0000;0.1;31.529032;17.393548;45.75;
83574;30/09/2005;0000;74.1;30.973333;18.865517;60.891667;
83574;31/10/2005;0000;122.9;34.190323;21.780645;56.83871;
83574;30/11/2005;0000;107.2;31.87;21.09;67.066667;
83574;31/12/2005;0000;229;30.293548;20.835484;76;
83574;31/01/2006;0000;272.5;32.203226;21.770968;67.298387;
83574;28/02/2006;0000;235.4;31.957143;21.771429;;
83574;31/03/2006;0000;313.1;31.635484;21.806452;77.896552;
83574;30/04/2006;0000;101.6;30.973333;19.826667;67.45;
83574;31/05/2006;0000;35.4;28.270968;14.896774;;
83574;30/06/2006;0000;7.2;28.653333;15.576667;54.983333;
83574;31/07/2006;0000;0.2;30.696774;16.34;48.05;
83574;31/08/2006;0000;23.2;32.887097;17.603226;43.822581;
83574;30/09/2006;0000;81.6;31.243333;18.043333;53.691667;
83574;31/10/2006;0000;279.6;31.419355;20.383871;69.056452;
83574;30/11/2006;0000;209.7;31.793333;20.316667;67.175;
83574;31/12/2006;0000;186.1;31.396774;21.970968;76.854839;
83574;31/01/2007;0000;563.1;30.716129;21.980645;84.258065;
83574;28/02/2007;0000;214.4;32.364286;21.7;70.964286;
83574;31/03/2007;0000;118.6;33.406667;21.82;63.766667;
83574;30/04/2007;0000;53.6;32.986667;20.7;63.033333;
83574;31/05/2007;0000;36.1;29.374194;16.470968;59.282258;
83574;30/06/2007;0000;0;30.263333;16.306667;53.05;
83574;31/07/2007;0000;54.6;28.758065;15.122581;56.741935;
83574;31/08/2007;0000;0;31.951613;17.090323;41.556452;
83574;30/09/2007;0000;36.8;34.963333;20.263333;37.841667;
83574;31/10/2007;0000;55.4;35.193548;21.851613;49.16129;
83574;30/11/2007;0000;112.7;31.97;20.806667;65.591667;
83574;31/12/2007;0000;119.1;33.132258;21.651852;;
83574;29/02/2008;0000;170.1;30.735;20.888889;;
83574;31/03/2008;0000;251.7;31.151613;20.661538;;
83574;30/04/2008;0000;124.1;30.572;20.384;;
83574;31/05/2008;0000;16.2;28.251613;16.274074;;
83574;30/06/2008;0000;0;30.062069;16.368;;
83574;31/07/2008;0000;0;30.545161;15.259259;;
83574;31/08/2008;0000;17.6;32.416129;18.037037;;
83574;30/09/2008;0000;15.7;32.836667;17.592308;;
83574;31/10/2008;0000;72.6;33.532258;21.185185;;
83574;30/11/2008;0000;77.7;33.19;20.576;;
83574;31/12/2008;0000;395.3;32.319355;20.607692;;
83574;28/02/2009;0000;182.9;32.514286;21.912;;
83574;31/03/2009;0000;239.1;32.206667;21.088;;
83574;31/08/2009;0000;27.1;30.103846;16.861538;53.990385;
83574;30/09/2009;0000;44.5;31.963333;19.751724;64.533333;
83574;31/10/2009;0000;69.9;32.748387;20.019355;66.524194;
83574;30/11/2009;0000;168.7;33.87;22.613333;66.75;
83574;31/12/2009;0000;284.5;31.22;21.441379;79.741667;
83574;31/01/2010;0000;297.6;31.658065;21.812903;77.919355;
83574;28/02/2010;0000;252.5;33.630769;22.034615;68.788462;
83574;31/03/2010;0000;146.8;33.135484;22.051613;69.822581;
83574;30/04/2010;0000;65.8;31.22;19.09;62.433333;
83574;31/05/2010;0000;10.9;29.835484;15.880645;59.024194;
83574;30/06/2010;0000;13.9;29.956667;14.383333;53.3;
83574;31/07/2010;0000;0.3;31.306452;16.909677;46.798387;
83574;31/08/2010;0000;0;32.570968;15.664516;36.58871;
83574;30/09/2010;0000;58.4;33.943333;19.593333;46.208333;
83574;31/10/2010;0000;108.4;32.636667;19.126667;59.935484;
83574;30/11/2010;0000;115.9;32.56;20.8;63.866667;
83574;31/12/2010;0000;145.8;33.066667;22.012903;69.983871;
83574;31/01/2011;0000;205.8;;22.026667;74.532258;
83574;28/02/2011;0000;143.5;;21.738462;71.1875;
83574;31/03/2011;0000;550;;21.387097;83.725806;
83574;30/04/2011;0000;104.3;;20.165517;65.033333;
83574;31/05/2011;0000;11;;16.535484;62.443548;
83574;30/06/2011;0000;30.3;;14.1;59.45;
83574;31/07/2011;0000;0;;15.806452;62.443548;
83574;31/08/2011;0000;16.2;;17.316129;47.572581;
83574;30/09/2011;0000;7.3;;18.366667;38.6;
83574;31/10/2011;0000;225.9;;20.3;64.491935;
83574;30/11/2011;0000;203.3;;19.206667;60.6;
83574;31/12/2011;0000;332.5;;21.28;70.129032;
83574;31/01/2012;0000;361.3;;20.593548;76.427419;
83574;29/02/2012;0000;174.6;;21.627586;68.982759;
83574;31/03/2012;0000;91.6;32.893333;21.033333;63.685484;
83574;30/04/2012;0000;158.2;32.013333;20.113333;68.232759;
83574;31/05/2012;0000;60.5;28.135484;16.554839;67.387097;
83574;30/06/2012;0000;103.5;28.589655;17.510345;68.991667;
83574;31/07/2012;0000;1.8;29.793548;15.17;53.330645;
83574;31/08/2012;0000;0;30.983871;16.490323;43.967742;
83574;30/09/2012;0000;62.4;34.753333;18.64;43.191667;
83574;31/10/2012;0000;54.2;36.23871;21.606452;47.096774;
83574;30/11/2012;0000;225.9;33.183333;21.166667;65.133333;
83574;31/12/2012;0000;267.9;33.551613;22.329032;67.983871;
83574;31/01/2013;0000;211.9;31.264516;21.483871;74.725806;
83574;28/02/2013;0000;345.1;;;;
83574;31/03/2013;0000;109;;;;
83574;30/04/2013;0000;103.6;;;;
83574;31/05/2013;0000;0;;;;
