--------------------
BDMEP - INMET
--------------------
Estação           : ITUMBIARA - GO (OMM: 83523)
Latitude  (graus) : -18.41
Longitude (graus) : -49.21
Altitude  (metros): 449.00
Estação Operante
Inicio de operação: 10/06/1989
Periodo solicitado dos dados: 01/01/2000 a 01/01/2016
Os dados listados abaixo são os que encontram-se digitados no BDMEP
Hora em UTC
--------------------
Obs.: Os dados aparecem separados por ; (ponto e vírgula) no formato txt.
      Para o formato planilha XLS, siga as instruções
--------------------
Estacao;Data;Hora;PrecipitacaoTotal;TempMaximaMedia;TempMinimaMedia;UmidadeRelativaMedia;
83523;31/01/2000;0000;223.4;30.6;21.503226;78.58871;
83523;29/02/2000;0000;288.9;30.765517;21.382759;78.525862;
83523;31/03/2000;0000;308.2;30.180645;20.86129;80.91129;
83523;30/04/2000;0000;29.5;30.696667;18.156667;70.025;
83523;31/05/2000;0000;0;29.83871;15.451613;64.283333;
83523;30/06/2000;0000;0;29.87;14.033333;59.666667;
83523;31/07/2000;0000;13.1;28.464516;12.467742;54.958333;
83523;31/08/2000;0000;10.7;32.067742;16.145161;46.532258;
83523;30/09/2000;0000;90.2;;19.496667;64.325;
83523;31/10/2000;0000;31.4;;20.590323;52.533333;
83523;30/11/2000;0000;238.7;30.041667;20.746667;74.941667;
83523;31/12/2000;0000;262.9;30.796774;21.403226;78.282258;
83523;31/01/2001;0000;194.3;31.525806;20.264516;75.653226;
83523;28/02/2001;0000;99.1;33.125;20.985185;72.955357;
83523;31/03/2001;0000;173.6;31.741935;20.196774;76.387097;
83523;30/04/2001;0000;75.8;32.02;18.446667;69.416667;
83523;31/05/2001;0000;66.8;28.796774;15.341935;70.564516;
83523;30/06/2001;0000;5;27.633333;13.87;69.991667;
83523;31/07/2001;0000;9.6;30.13871;14.2;60.675;
83523;31/08/2001;0000;21.4;30.451613;14.393548;53.35;
83523;30/09/2001;0000;56.5;32.566667;19.048276;56.208333;
83523;31/10/2001;0000;82;31.648387;19.167742;67.258065;
83523;30/11/2001;0000;202.7;31.153333;20.933333;76.791667;
83523;31/12/2001;0000;273.6;30.351613;21.43871;78.403226;
83523;31/01/2002;0000;176.7;31.225806;21.434483;78.091667;
83523;28/02/2002;0000;207.6;30.207143;21.25;83.055556;
83523;31/03/2002;0000;99.1;32.158065;20.764516;73.596774;
83523;30/04/2002;0000;0;32.96;19.08;66.233333;
83523;31/05/2002;0000;25.6;30.93871;16.9;68.016129;
83523;30/06/2002;0000;0;30.58;14.013333;58.716667;
83523;31/07/2002;0000;0.7;30.045161;14.093548;57.717742;
83523;31/08/2002;0000;1.4;32.819355;17.803226;47.137097;
83523;30/09/2002;0000;61.4;32.046667;19.403704;52.183333;
83523;31/10/2002;0000;18.7;36.835484;21.83871;43.104839;
83523;30/11/2002;0000;122.5;32.566667;21.589655;68.133333;
83523;31/12/2002;0000;173;32.709677;21.951613;71.896552;
83523;31/01/2003;0000;338.1;30.770968;22.025806;82.096774;
83523;28/02/2003;0000;84;32.264286;20.851852;75.982143;
83523;31/03/2003;0000;199.3;29.822581;20.716129;80.508065;
83523;30/04/2003;0000;103.7;30.056667;19.210345;76.95;
83523;31/05/2003;0000;40.7;28.08;;69.691667;
83523;30/06/2003;0000;0;29.686957;13.54;67.5;
83523;31/07/2003;0000;0;29.577419;13.264516;56.112903;
83523;31/08/2003;0000;1.5;30.809677;14.69;52.177419;
83523;30/09/2003;0000;49.8;33.383333;18.79;51.958333;
83523;31/10/2003;0000;33.2;32.648387;20.31;57.532258;
83523;30/11/2003;0000;258.2;31.88;20.756667;72.025;
83523;31/12/2003;0000;315.8;32.6;21.803226;70.883333;
83523;31/01/2004;0000;311.9;30.722581;22.167742;78.983871;
83523;29/02/2004;0000;213.9;30.137931;21.110714;81.318966;
83523;31/03/2004;0000;147.2;31.187097;20.103448;76.759259;
83523;30/04/2004;0000;95.2;30.37;19.613333;77.189655;
83523;31/05/2004;0000;9.4;28.603333;16.36;74.375;
83523;30/06/2004;0000;0;28.306667;13.79;67.541667;
83523;31/07/2004;0000;7.3;28.503226;13.687097;61.766667;
83523;31/08/2004;0000;0;31.867742;14.030769;46.7;
83523;30/09/2004;0000;0;35.433333;18.866667;35.928571;
83523;31/10/2004;0000;105.4;32.532258;20.61;65.625;
83523;30/11/2004;0000;174.6;32.313333;20.672414;64.491667;
83523;31/12/2004;0000;168;31.180645;21.341935;75.33871;
83523;31/01/2005;0000;437.2;30.583871;22.135484;82.064516;
83523;28/02/2005;0000;155.1;32.475;20.192857;71.071429;
83523;31/03/2005;0000;402.4;31.062069;21.396667;78.633333;
83523;30/04/2005;0000;76.7;31.56;20.173333;71.775;
83523;31/05/2005;0000;17.8;29.390323;16.680645;69.612903;
83523;30/06/2005;0000;14.7;28.696552;15.624138;69.258929;
83523;31/07/2005;0000;0;29.43871;14.590323;62.491935;
83523;31/08/2005;0000;5.1;32.306452;15.719355;49.560345;
83523;30/09/2005;0000;28.3;33.655172;19.993333;57.85;
83523;31/10/2005;0000;93.1;35.23871;21.506452;55.209677;
83523;30/11/2005;0000;323.2;30.868966;21.46;74.975;
83523;31/12/2005;0000;217.5;30.435484;20.796774;77.508065;
83523;31/01/2006;0000;123.6;31.825806;20.467742;77.18;
83523;28/02/2006;0000;270.4;31.321429;21.042857;81.455357;
83523;31/03/2006;0000;313.4;31.025806;21.629032;80.116667;
83523;30/04/2006;0000;121.7;30.663333;19.506667;73.991667;
83523;31/05/2006;0000;35.3;28.851613;13.077419;65.741935;
83523;30/06/2006;0000;0;28.556667;14.193333;65.058333;
83523;31/07/2006;0000;0;30.145161;14.022581;55.870968;
83523;31/08/2006;0000;4.7;33.077419;16.416129;47.366667;
83523;30/09/2006;0000;46.9;32.566667;17.783333;53.291667;
83523;31/10/2006;0000;184.9;30.412903;20.606452;72.241935;
83523;30/11/2006;0000;209.9;31.086667;20.373333;72.3;
83523;31/12/2006;0000;348.1;31.119355;21.574194;78.112069;
83523;31/01/2007;0000;302.6;30.867742;21.903226;81.379032;
83523;28/02/2007;0000;423.4;30.439286;20.771429;79.455357;
83523;31/03/2007;0000;53.9;32.251613;;67.887097;
83523;30/04/2007;0000;24.5;32.06;19.733333;68.508333;
83523;31/05/2007;0000;7.9;29.76129;15.474194;62.137097;
83523;30/06/2007;0000;0;;;59.391667;
83523;31/07/2007;0000;16.6;;;58.919355;
83523;31/08/2007;0000;0;31.890323;14.93871;43.604839;
83523;30/09/2007;0000;0.7;34.9;19.256667;37.825;
83523;31/10/2007;0000;28.4;35.66129;21.193548;49.693548;
83523;30/11/2007;0000;170.6;32.96;20.88;66.608333;
83523;31/12/2007;0000;197.6;31.212903;20.245161;72.919355;
83523;31/01/2008;0000;288.8;30.406452;20.196774;78.072581;
83523;29/02/2008;0000;276.3;29.962069;19.92069;82.267241;
83523;31/03/2008;0000;152.4;30.493548;19.812903;79.475806;
83523;30/04/2008;0000;117.6;30.223333;19.13;79.833333;
83523;31/05/2008;0000;28.4;28.43871;14.590323;72.08871;
83523;30/06/2008;0000;0;29.486667;13.89;66.608333;
83523;31/07/2008;0000;11.2;28.306667;12.02;52.403226;
83523;31/08/2008;0000;19;;;51.588235;
83523;30/09/2008;0000;5.9;34.323333;;45.35;
83523;31/10/2008;0000;148.4;33.745161;20.212903;58.541667;
83523;30/11/2008;0000;99.3;32.24;21.266667;68.158333;
83523;31/12/2008;0000;269.6;31.687097;20.580645;74.935484;
83523;31/01/2009;0000;247.8;31.296774;20.658065;75.814516;
83523;28/02/2009;0000;207.2;32.089286;21.228571;78.482143;
83523;31/03/2009;0000;79.4;31.587097;21.480645;76.533333;
83523;30/04/2009;0000;96.3;30.4;18.663333;73.691667;
83523;31/05/2009;0000;17.6;29.822581;16.390323;68.717742;
83523;30/06/2009;0000;20.8;28.383333;13.783333;66.808333;
83523;31/07/2009;0000;6.9;31.13871;15.312903;56.591667;
83523;31/08/2009;0000;35.8;30.853333;17.196774;54.08871;
83523;30/09/2009;0000;146.4;32.61;19.526667;64.034483;
83523;31/10/2009;0000;158.8;31.825806;20.629032;70.516667;
83523;30/11/2009;0000;235.9;32.613333;22.09;73.303571;
83523;31/12/2009;0000;280.9;30.567742;21.480645;78.366667;
83523;31/01/2010;0000;180.5;31.767742;21.719355;74.604839;
83523;28/02/2010;0000;50.3;33.403571;21.689286;70.526786;
83523;31/03/2010;0000;128.3;32.454839;21.451613;73.709677;
83523;30/04/2010;0000;78.8;30.973333;18.156667;66.2;
83523;31/05/2010;0000;3.9;30.251613;14.606452;59.91129;
83523;30/06/2010;0000;12.6;29.456667;12.676667;57.85;
83523;31/07/2010;0000;0.4;31.067742;11.367742;55.741935;
83523;31/08/2010;0000;0;32.41;13.854545;43.683333;
83523;30/09/2010;0000;23.2;35.123333;;43.241667;
83523;31/10/2010;0000;81;34.067742;;55.854839;
83523;30/11/2010;0000;248;31.386667;;70.066667;
83523;31/12/2010;0000;250.6;32.448387;;74.072581;
83523;31/01/2011;0000;306.6;31.025806;;77.879032;
83523;28/02/2011;0000;220.1;32.117857;;74.330357;
83523;31/03/2011;0000;552.8;29.674194;;81.475806;
83523;30/04/2011;0000;149;30.286667;;73.341667;
83523;31/05/2011;0000;0;29.56129;;67.379032;
83523;30/06/2011;0000;0;28.266667;;65.594828;
83523;31/07/2011;0000;0;30.148387;;57.451613;
83523;31/08/2011;0000;1.3;33.035484;;44.653226;
83523;30/09/2011;0000;0;34.65;;;
83523;31/10/2011;0000;110.4;31.510714;;;
83523;31/12/2011;0000;;31.181818;;77.443182;
83523;31/01/2012;0000;;30.509677;;77.967742;
83523;29/02/2012;0000;;32;;;
83523;31/03/2012;0000;;32.074194;;69.814516;
83523;30/04/2012;0000;69;31.533333;;;
83523;31/05/2012;0000;14.5;28.593548;;72.153226;
