--------------------
BDMEP - INMET
--------------------
Estação           : JAGUARUANA - CE (OMM: 82493)
Latitude  (graus) : -4.78
Longitude (graus) : -37.76
Altitude  (metros): 11.71
Estação Operante
Inicio de operação: 01/01/1914
Periodo solicitado dos dados: 01/01/2000 a 01/01/2016
Os dados listados abaixo são os que encontram-se digitados no BDMEP
Hora em UTC
--------------------
Obs.: Os dados aparecem separados por ; (ponto e vírgula) no formato txt.
      Para o formato planilha XLS, siga as instruções
--------------------
Estacao;Data;Hora;PrecipitacaoTotal;TempMaximaMedia;TempMinimaMedia;UmidadeRelativaMedia;
82493;31/01/2000;0000;36.5;33.603226;24.054839;72.814516;
82493;29/02/2000;0000;154.9;32.348276;23.5;78.62069;
82493;31/03/2000;0000;129.3;32.435484;23.696774;78.677419;
82493;30/04/2000;0000;226;31.456667;23.476667;85.175;
82493;31/05/2000;0000;121.3;31.119355;22.651613;81.645161;
82493;30/06/2000;0000;16;31.916667;22.436667;;
82493;31/07/2000;0000;17.2;32.564516;22.425806;;
82493;31/08/2000;0000;39.7;32.919355;21.680645;;
82493;30/09/2000;0000;34.4;33.646667;22.686667;;
82493;31/03/2001;0000;96.4;33.129032;23.874194;;
82493;30/04/2001;0000;209.8;30.94;23.536667;;
82493;30/09/2001;0000;0.5;;;;
82493;31/10/2001;0000;0;34.983871;23.541935;62.766129;
82493;30/11/2001;0000;0;34.286667;24.236667;68.146552;
82493;31/12/2001;0000;6;34.355172;24.578571;69.089286;
82493;31/01/2002;0000;146;31.88;23.813333;82.651786;
82493;28/02/2002;0000;76.8;32.559259;23.217857;79.37037;
82493;31/03/2002;0000;191.7;31.993548;23.396667;82.233871;
82493;30/04/2002;0000;136.5;31.4;23.382759;85.655172;
82493;31/05/2002;0000;140.5;31.677419;23.13871;84.040323;
82493;30/06/2002;0000;73.1;30.726667;21.773333;82.766667;
82493;31/07/2002;0000;3.7;32.812903;21.132258;72.967742;
82493;31/08/2002;0000;0;34.52;21.258065;67.875;
82493;30/09/2002;0000;0;34.743333;22.113793;65.908333;
82493;31/10/2002;0000;0;35.070968;22.622581;65.814516;
82493;30/11/2002;0000;1;35.063333;23.42;66.841667;
82493;31/12/2002;0000;3.7;34.758065;23.903333;68.83871;
82493;31/01/2003;0000;147.6;32.919355;23.551613;74.491935;
82493;28/02/2003;0000;191;32.3;23.810714;80.383929;
82493;31/03/2003;0000;318.9;31.467742;23.364516;85.314516;
82493;30/04/2003;0000;231.1;31.59;23.53;84.3;
82493;31/05/2003;0000;69.3;31.832258;23.383871;80.596774;
82493;30/06/2003;0000;24.2;32.5;22.046667;75.808333;
82493;31/07/2003;0000;9;33.509677;21.245161;69.362903;
82493;31/08/2003;0000;0;34.690323;21.56129;64.846774;
82493;30/09/2003;0000;0;35.5;22.196667;63.291667;
82493;31/10/2003;0000;0;35.9;23.041935;62.435484;
82493;30/11/2003;0000;0.2;35.543333;23.55;64.808333;
82493;31/12/2003;0000;8.5;34.977419;24.2;66.887097;
82493;31/01/2004;0000;360.8;32.403226;23.709677;78.225806;
82493;29/02/2004;0000;358.6;31.344828;23.572414;83.672414;
82493;31/03/2004;0000;84.5;32.174194;23.658065;79.701613;
82493;30/04/2004;0000;65.9;33.443333;23.59;76.675;
82493;31/05/2004;0000;49.9;32.854839;22.93871;75.766129;
82493;30/06/2004;0000;62.9;31.053333;22.186667;79.166667;
82493;31/07/2004;0000;24.5;31.912903;21.929032;73.008065;
82493;31/08/2004;0000;0.3;33.777419;22.096774;66.266129;
82493;30/09/2004;0000;0.8;35.2;22.406667;61.575;
82493;31/10/2004;0000;0;34.748387;22.925806;64.16129;
82493;30/11/2004;0000;0;34.72;23.033333;63.683333;
82493;31/12/2004;0000;0.1;34.777419;23.916129;65.137097;
82493;31/01/2005;0000;1.6;35.129032;24.409677;66.508065;
82493;28/02/2005;0000;41.2;35.078571;24.771429;68.178571;
82493;31/03/2005;0000;255;33.629032;24.383871;74.637097;
82493;30/04/2005;0000;63.9;32.896667;24.113333;79.905172;
82493;31/05/2005;0000;78;32.251613;23.306452;79.741935;
82493;30/06/2005;0000;31.7;31.373333;22.466667;77.983333;
82493;31/07/2005;0000;0.6;33.803226;21.551613;63.822581;
82493;31/08/2005;0000;0;34.748387;21.951613;61.201613;
82493;30/09/2005;0000;0;34.836667;22.153333;62.225;
82493;31/10/2005;0000;0;35.277419;22.651613;61.072581;
82493;30/11/2005;0000;0;35.136667;23.5;62.383333;
82493;31/12/2005;0000;21.3;34.664516;24.203226;64.580645;
82493;31/01/2006;0000;0;35.532258;24.196774;63.596774;
82493;28/02/2006;0000;27.5;34.342857;24.285714;70.776786;
82493;31/03/2006;0000;271.8;32.329032;24.216129;77.806452;
82493;30/04/2006;0000;227.5;31.563333;23.85;84.841667;
82493;31/05/2006;0000;184.6;31.148387;23.103226;83.620968;
82493;30/06/2006;0000;176.2;30.783333;22.516667;79.791667;
82493;31/07/2006;0000;13.7;32.509677;21.277419;73.072581;
82493;31/08/2006;0000;16.6;33.648387;21.748387;67.056452;
82493;30/09/2006;0000;0;34.963333;22.36;62.816667;
82493;31/10/2006;0000;0;34.887097;23.083871;63.056452;
82493;30/11/2006;0000;0.3;34.316667;23.423333;65.608333;
82493;31/12/2006;0000;16.7;34.158065;23.993548;67.887097;
82493;31/01/2007;0000;9.3;34.677419;24.293548;69.370968;
82493;28/02/2007;0000;257.6;32.267857;24.025;78.75;
82493;31/03/2007;0000;130.2;32.129032;23.322581;79.177419;
82493;30/04/2007;0000;228.9;32.45;23.706667;80.391667;
82493;31/05/2007;0000;71.9;32.451613;23.23871;76.548387;
82493;30/06/2007;0000;51.7;32.103333;22.103333;74.25;
82493;31/07/2007;0000;0.2;33.912903;21.709677;67.564516;
82493;31/08/2007;0000;0.4;34.019355;21.722581;62.741935;
82493;30/09/2007;0000;5.7;35.21;22.233333;60.458333;
82493;31/10/2007;0000;0;35.119355;22.522581;62.758065;
82493;30/11/2007;0000;0;34.676667;23.373333;64.225;
82493;31/12/2007;0000;1;34.574194;23.922581;67.346774;
82493;31/01/2008;0000;37.9;34.332258;24.435484;69.895161;
82493;29/02/2008;0000;0.2;34.972414;23.965517;66.793103;
82493;31/03/2008;0000;301.6;31.464516;23.487097;83.475806;
82493;30/04/2008;0000;314.2;30.956667;23.523333;84.958333;
82493;31/05/2008;0000;125.7;30.925806;23.329032;81.766129;
82493;30/06/2008;0000;54.2;30.5;22.166667;77.741667;
82493;31/07/2008;0000;40.2;31.46129;21.5;73.032258;
82493;31/08/2008;0000;38.7;33.429032;21.366667;69.048387;
82493;30/09/2008;0000;0;34.626667;21.9;64.908333;
82493;31/10/2008;0000;0;35.093548;22.73871;63.354839;
82493;30/11/2008;0000;0.6;34.936667;23.263333;65.141667;
82493;31/12/2008;0000;0.5;34.893548;23.580645;66.870968;
82493;31/01/2009;0000;172.3;33.7;23.664516;72.822581;
82493;28/02/2009;0000;137.4;32.075;23.432143;79.151786;
82493;31/03/2009;0000;256.8;31.26129;23.125806;85.419355;
82493;30/04/2009;0000;347.5;30.063333;23.153333;89.9;
82493;31/05/2009;0000;304.2;30.129032;23.445161;87.677419;
82493;30/06/2009;0000;97.1;30.523333;23.01;82.758333;
82493;31/07/2009;0000;33.5;30.970968;21.990323;79.862903;
82493;31/08/2009;0000;17.9;32.445161;21.232258;73.908333;
82493;30/09/2009;0000;0;33.82;22.07;69.566667;
82493;31/10/2009;0000;0;34.019355;22.623333;68.725806;
82493;30/11/2009;0000;1.4;34.366667;22.92;67.358333;
82493;31/12/2009;0000;1.6;34.667742;24.129032;68.225806;
82493;31/01/2010;0000;32.1;34.335484;24.112903;71.282258;
82493;28/02/2010;0000;9.4;35.467857;24.803571;69.169643;
82493;31/03/2010;0000;38.5;35.441935;24.987097;70.5;
82493;30/04/2010;0000;182;34.013333;24.563333;76.683333;
82493;31/05/2010;0000;40.3;34.216129;24;73.967742;
82493;30/06/2010;0000;17.8;34.546667;23.176667;66.416667;
82493;31/07/2010;0000;7.4;34.351613;23.096667;62.693548;
82493;31/08/2010;0000;0;34.919355;22.064516;58.887097;
82493;30/09/2010;0000;0;35.53;22.458621;58.108333;
82493;31/10/2010;0000;10;35.196774;23.429032;64.903226;
82493;30/11/2010;0000;0.4;35.166667;23.8;62.891667;
82493;31/12/2010;0000;48.5;34.077419;23.935484;70.056452;
82493;31/01/2011;0000;278.7;32.074194;23.596774;77.08871;
82493;28/02/2011;0000;111.5;31.707143;23.614286;80.464286;
82493;31/03/2011;0000;152.2;31.609677;23.477419;83.112903;
82493;30/04/2011;0000;336.8;31.196667;23.193333;85.083333;
82493;31/05/2011;0000;151.1;30.935484;23.045161;83.580645;
82493;30/06/2011;0000;11.6;31.833333;22.106667;77.591667;
82493;31/07/2011;0000;70.1;31.629032;21.948387;72.645161;
82493;31/08/2011;0000;4.2;33.754839;21.167742;67.66129;
82493;30/09/2011;0000;0;35.25;21.653333;61.366667;
82493;31/10/2011;0000;14.1;34.264516;23.180645;66.798387;
82493;30/11/2011;0000;2.8;34.346667;23.603333;67.625;
82493;31/12/2011;0000;39.4;33.96129;23.241935;68.16129;
82493;31/01/2012;0000;21.9;33.735484;23.693548;70.016129;
82493;29/02/2012;0000;198.8;33.213793;23.137931;73.318966;
82493;31/03/2012;0000;81.6;32.874194;23.445161;77.525;
82493;30/04/2012;0000;96.1;34.336667;23.566667;75.333333;
82493;31/05/2012;0000;7.6;34.56129;23.145161;68.782258;
82493;30/06/2012;0000;1.4;34.306667;23.066667;67.65;
82493;31/07/2012;0000;19;33.754839;22.5;65.862903;
82493;31/08/2012;0000;0;34.858065;21.96129;61.5;
82493;30/09/2012;0000;0;35.066667;21.97;60.283333;
82493;31/10/2012;0000;0;35.345161;22.922581;62.895161;
82493;30/11/2012;0000;0;34.26;23.346667;66.35;
82493;31/12/2012;0000;1.7;34.851613;24.277419;67.58871;
82493;31/01/2013;0000;35.6;34.693548;24.509677;68.354839;
82493;28/02/2013;0000;27.3;35.489286;24.185714;67.071429;
82493;31/03/2013;0000;50.5;34.893548;24.93871;70.475806;
82493;30/04/2013;0000;209.6;33.673333;24.29;74.883333;
82493;31/05/2013;0000;26.9;33.154839;23.648387;75.354839;
82493;30/06/2013;0000;87.3;32.72;23.076667;76.183333;
82493;31/07/2013;0000;78.9;32.46129;22.306452;73.604839;
82493;31/08/2013;0000;0;34.248387;22.074194;66.16129;
82493;30/09/2013;0000;0;34.826667;22.83;63.691667;
82493;31/10/2013;0000;5.2;34.787097;22.748387;65.645161;
82493;30/11/2013;0000;7.8;34.06;23.503333;67.375;
82493;31/12/2013;0000;22.5;33.935484;23.709677;70.048387;
82493;31/01/2014;0000;1.8;34.629032;24.077419;68.548387;
82493;28/02/2014;0000;61;34;23.989286;71.705357;
82493;31/03/2014;0000;65.1;34.345161;24.287097;73.443548;
82493;30/04/2014;0000;183.8;32.876667;24.306667;80.05;
82493;31/05/2014;0000;135.4;32.56129;23.503226;79.129032;
82493;30/06/2014;0000;21.8;33.613333;22.83;70.966667;
82493;31/07/2014;0000;2.4;33.935484;21.364516;65.879032;
82493;31/08/2014;0000;0;35.035484;21.496774;62.604839;
82493;30/09/2014;0000;4.6;34.696667;22.626667;66.366667;
82493;31/10/2014;0000;28;35.109677;23.270968;64.379032;
82493;30/11/2014;0000;11.6;34.053333;23.31;69.283333;
82493;31/12/2014;0000;1.3;34.258065;23.893548;68.967742;
82493;31/01/2015;0000;27.6;34.483871;23.806452;70.25;
82493;28/02/2015;0000;20.5;34.542857;24.089286;71.258929;
82493;31/03/2015;0000;149.9;33.445161;24.232258;77.524194;
82493;30/04/2015;0000;107.9;32.586667;24.106667;80.808333;
82493;31/05/2015;0000;28.8;34.674194;23.870968;72.596774;
82493;30/06/2015;0000;59.3;34.023333;23.05;71;
82493;31/07/2015;0000;19.3;33.367742;22.974194;71.346774;
82493;31/08/2015;0000;4.8;34.619355;21.922581;66.645161;
82493;30/09/2015;0000;4.4;34.91;23.08;65.775;
82493;31/10/2015;0000;0;35.029032;23.312903;65.975806;
82493;30/11/2015;0000;0;34.943333;23.656667;67.658333;
82493;31/12/2015;0000;5.8;35.141935;24.166667;67.201613;
